-100 100 0 0 19900 20100 
100 -100 0 0 20100 19900 
-100 100 0 0 19900 20100 
100 -100 0 0 20100 19900 
100 -100 0 0 20100 19900 
-100 100 0 0 19900 20100 
-50 76.5 20050 -20076.5 40000 0 
100 -100 0 0 20100 19900 
-7.10543e-15 7.10543e-15 0 0 20000 20000 
-100 100 0 0 19900 20100 
100 -100 0 0 20100 19900 
0 -3.55271e-15 0 0 20000 20000 
100 -100 0 0 20100 19900 
-100 100 0 0 19900 20100 
100 -100 0 0 20100 19900 
-100 100 0 0 19900 20100 
100 -100 0 0 20100 19900 
100 -100 0 0 20100 19900 
100 -100 0 0 20100 19900 
-100 100 0 0 19900 20100 
-100 100 0 0 19900 20100 
-94.3434 94.3434 -5.65657 5.65657 19900 20100 
-100 100 0 0 19900 20100 
-100 100 0 0 19900 20100 
-100 100 0 0 19900 20100 
100 -100 0 0 20100 19900 
-100 100 0 0 19900 20100 
100 -100 0 0 20100 19900 
100 -100 0 0 20100 19900 
100 -100 0 0 20100 19900 
-100 100 0 0 19900 20100 
100 -100 0 0 20100 19900 
-100 100 0 0 19900 20100 
-100 100 0 0 19900 20100 
-22.6 22.6 20022.6 -20022.6 40000 0 
100 -100 0 0 20100 19900 
-100 100 0 0 19900 20100 
-100 100 0 0 19900 20100 
-100 100 0 0 19900 20100 
-100 100 0 0 19900 20100 
-100 100 0 0 19900 20100 
100 -100 0 0 20100 19900 
100 -100 0 0 20100 19900 
100 -100 0 0 20100 19900 
-100 100 0 0 19900 20100 
100 -100 0 0 20100 19900 
100 -100 0 0 20100 19900 
-100 100 0 0 19900 20100 
-100 100 200 -200 20100 19900 
-100 100 0 0 19900 20100 
-100 100 0 0 19900 20100 
-100 100 0 0 19900 20100 
100 -100 0 0 20100 19900 
-100 100 0 0 19900 20100 
100 -100 0 0 20100 19900 
100 -100 0 0 20100 19900 
-100 100 0 0 19900 20100 
100 -100 0 0 20100 19900 
3.55271e-15 -7.10543e-15 0 0 20000 20000 
-100 100 0 0 19900 20100 
-93.6364 93.6364 193.636 -193.636 20100 19900 
-100 100 0 0 19900 20100 
-100 100 200 -200 20100 19900 
-100 100 0 0 19900 20100 
-100 100 0 0 19900 20100 
100 -100 0 0 20100 19900 
100 -100 0 0 20100 19900 
100 -100 0 0 20100 19900 
-100 100 0 0 19900 20100 
-100 100 0 0 19900 20100 
-100 100 0 0 19900 20100 
100 -100 0 0 20100 19900 
-87 100 -13 0 19900 20100 
100 -85.9 0 -14.1 20100 19900 
100 -100 0 0 20100 19900 
100 -100 0 0 20100 19900 
101.3 -100 -1.3 0 20100 19900 
100 -100 0 0 20100 19900 
100 -100 0 0 20100 19900 
100 -100 0 0 20100 19900 
100 -100 0 0 20100 19900 
-5.32907e-15 5.32907e-15 0 0 20000 20000 
100 -100 0 0 20100 19900 
100 -100 0 0 20100 19900 
100 -100 0 0 20100 19900 
100 -100 0 0 20100 19900 
-100 100 0 0 19900 20100 
100 -100 0 0 20100 19900 
100 -100 0 0 20100 19900 
-100 100 0 0 19900 20100 
-100 100 0 0 19900 20100 
-100 100 0 0 19900 20100 
100 -100 0 0 20100 19900 
100 -100 0 0 20100 19900 
100 -100 0 0 20100 19900 
100 -100 0 0 20100 19900 
-100 100 0 0 19900 20100 
-100 100 0 0 19900 20100 
100 -100 0 0 20100 19900 
-100 100 0 0 19900 20100 
-100 100 200 -200 20100 19900 
100 -100 0 0 20100 19900 
100 -100 0 0 20100 19900 
100 -100 0 0 20100 19900 
100 -100 0 0 20100 19900 
100 -100 0 0 20100 19900 
-100 100 0 0 19900 20100 
-100 100 0 0 19900 20100 
-100 100 0 0 19900 20100 
-100 100 0 0 19900 20100 
-100 100 0 0 19900 20100 
-100 100 0 0 19900 20100 
-100 100 0 0 19900 20100 
100 -100 0 0 20100 19900 
-100 100 0 0 19900 20100 
100 -100 0 0 20100 19900 
-100 100 0 0 19900 20100 
-100 100 0 0 19900 20100 
-100 100 0 0 19900 20100 
0 15.2 -100 84.8 19900 20100 
100 -100 0 0 20100 19900 
-100 100 0 0 19900 20100 
100 -100 0 0 20100 19900 
-100 100 0 0 19900 20100 
100 -100 0 0 20100 19900 
100 -100 0 0 20100 19900 
-100 100 0 0 19900 20100 
-100 100 0 0 19900 20100 
100 -100 0 0 20100 19900 
100 -100 0 0 20100 19900 
100 -100 0 0 20100 19900 
100 -100 0 0 20100 19900 
-3.55271e-15 3.55271e-15 0 0 20000 20000 
100 -100 0 0 20100 19900 
100 -100 0 0 20100 19900 
100 -100 0 0 20100 19900 
-100 100 0 0 19900 20100 
100 -100 0 0 20100 19900 
100 -100 0 0 20100 19900 
-100 100 0 0 19900 20100 
-98.3 100 -1.7 0 19900 20100 
-100 100 0 0 19900 20100 
100 -100 0 0 20100 19900 
-100 100 0 0 19900 20100 
-100 100 0 0 19900 20100 
100 -100 0 0 20100 19900 
-100 100 0 0 19900 20100 
-100 100 0 0 19900 20100 
100 -100 0 0 20100 19900 
-100 100 0 0 19900 20100 
-100 100 0 0 19900 20100 
-88.6364 88.6364 -11.3636 11.3636 19900 20100 
-100 100 0 0 19900 20100 
100 -100 0 0 20100 19900 
100 -100 0 0 20100 19900 
-100 100 0 0 19900 20100 
100 -100 0 0 20100 19900 
100 -100 0 0 20100 19900 
100 -100 0 0 20100 19900 
100 -100 0 0 20100 19900 
100 -100 0 0 20100 19900 
-100 100 0 0 19900 20100 
-100 100 0 0 19900 20100 
-100 100 0 0 19900 20100 
100 -100 0 0 20100 19900 
-100 100 0 0 19900 20100 
100 -100 0 0 20100 19900 
-100 100 0 0 19900 20100 
-100 100 0 0 19900 20100 
-100 100 0 0 19900 20100 
100 -100 0 0 20100 19900 
-100 100 0 0 19900 20100 
-100 100 0 0 19900 20100 
100 -100 0 0 20100 19900 
100 -100 0 0 20100 19900 
100 -100 0 0 20100 19900 
100 -100 0 0 20100 19900 
100 -100 0 0 20100 19900 
100 -100 0 0 20100 19900 
-100 100 0 0 19900 20100 
-100 100 0 0 19900 20100 
1.77636e-15 -1.77636e-15 0 0 20000 20000 
100 -100 0 0 20100 19900 
-100 100 0 0 19900 20100 
100 -100 0 0 20100 19900 
100 -100 0 0 20100 19900 
-100 100 0 0 19900 20100 
-100 100 0 0 19900 20100 
100 -100 0 0 20100 19900 
100 -100 0 0 20100 19900 
100 -100 0 0 20100 19900 
-100 100 0 0 19900 20100 
100 -100 0 0 20100 19900 
-100 100 0 0 19900 20100 
100 -100 0 0 20100 19900 
100 -100 0 0 20100 19900 
-100 100 0 0 19900 20100 
-100 100 0 0 19900 20100 
-100 100 0 0 19900 20100 
100 -100 0 0 20100 19900 
100 -100 0 0 20100 19900 
100 -100 0 0 20100 19900 
-100 100 0 0 19900 20100 
100 -100 0 0 20100 19900 
100 -100 0 0 20100 19900 
5.77316e-15 5.32907e-15 0 0 20000 20000 
-100 100 0 0 19900 20100 
100 -96.7 0 -3.3 20100 19900 
100 -100 0 0 20100 19900 
-100 100 0 0 19900 20100 
-100 100 0 0 19900 20100 
7.10543e-15 -7.10543e-15 -100 100 19900 20100 
10 -10 19990 -19990 40000 0 
-100 100 0 0 19900 20100 
-100 100 0 0 19900 20100 
100 -100 0 0 20100 19900 
-100 100 0 0 19900 20100 
100 -100 0 0 20100 19900 
100 -100 0 0 20100 19900 
-100 100 0 0 19900 20100 
-100 100 0 0 19900 20100 
-100 100 0 0 19900 20100 
100 -100 0 0 20100 19900 
-100 100 0 0 19900 20100 
100 -100 0 0 20100 19900 
-100 100 0 0 19900 20100 
100 -100 0 0 20100 19900 
100 -90.1 0 -9.9 20100 19900 
100 -100 0 0 20100 19900 
-100 100 0 0 19900 20100 
-100 100 0 0 19900 20100 
100 -100 0 0 20100 19900 
100 -100 0 0 20100 19900 
-100 100 0 0 19900 20100 
-100 100 0 0 19900 20100 
-100 100 0 0 19900 20100 
100 -100 0 0 20100 19900 
-100 100 0 0 19900 20100 
100 -100 0 0 20100 19900 
-86.3636 86.3636 -13.6364 13.6364 19900 20100 
-100 100 0 0 19900 20100 
100 -100 0 0 20100 19900 
-100 100 0 0 19900 20100 
-100 100 0 0 19900 20100 
100 -100 0 0 20100 19900 
100 -100 0 0 20100 19900 
100 -100 0 0 20100 19900 
100 -100 0 0 20100 19900 
-100 100 0 0 19900 20100 
100 -100 0 0 20100 19900 
-100 100 0 0 19900 20100 
100 -100 0 0 20100 19900 
100 -100 0 0 20100 19900 
7.10543e-15 -7.10543e-15 0 0 20000 20000 
100 -100 0 0 20100 19900 
100 -100 0 0 20100 19900 
-22.3 22.3 20022.3 -20022.3 40000 0 
100 -100 0 0 20100 19900 
100 -100 0 0 20100 19900 
-100 100 0 0 19900 20100 
100 -100 0 0 20100 19900 
-72.8 72.8 -19927.2 19927.2 0 40000 
-100 100 0 0 19900 20100 
-100 100 0 0 19900 20100 
-100 100 0 0 19900 20100 
-100 100 0 0 19900 20100 
-90.101 90.101 190.101 -190.101 20100 19900 
-100 100 0 0 19900 20100 
100 -100 0 0 20100 19900 
100 -100 0 0 20100 19900 
100 -100 0 0 20100 19900 
100 -100 0 0 20100 19900 
-100 100 200 -200 20100 19900 
-100 100 0 0 19900 20100 
-100 100 0 0 19900 20100 
-100 100 0 0 19900 20100 
-100 100 200 -200 20100 19900 
100 -78.1 -200 178.1 19900 20100 
100 -100 0 0 20100 19900 
100 -100 0 0 20100 19900 
-100 100 0 0 19900 20100 
-100 100 0 0 19900 20100 
-100 100 0 0 19900 20100 
-100 100 0 0 19900 20100 
100 -100 0 0 20100 19900 
100 -100 0 0 20100 19900 
-100 100 0 0 19900 20100 
100 -100 0 0 20100 19900 
100 -100 0 0 20100 19900 
100 -100 0 0 20100 19900 
7.10543e-15 -7.10543e-15 0 0 20000 20000 
-100 100 0 0 19900 20100 
-100 100 0 0 19900 20100 
-1.77636e-15 1.24345e-14 0 0 20000 20000 
-100 100 0 0 19900 20100 
100 -100 0 0 20100 19900 
-100 100 0 0 19900 20100 
-100 100 0 0 19900 20100 
-100 100 0 0 19900 20100 
-100 100 0 0 19900 20100 
-100 100 0 0 19900 20100 
100 -98.2 0 -1.8 20100 19900 
100 -100 0 0 20100 19900 
100 -100 0 0 20100 19900 
-100 100 0 0 19900 20100 
100 -100 0 0 20100 19900 
-100 100 0 0 19900 20100 
-100 100 0 0 19900 20100 
100 -100 0 0 20100 19900 
-100 100 0 0 19900 20100 
-100 100 0 0 19900 20100 
-100 100 0 0 19900 20100 
-100 100 0 0 19900 20100 
100 -100 0 0 20100 19900 
-100 100 0 0 19900 20100 
-100 100 0 0 19900 20100 
100 -100 0 0 20100 19900 
-100 100 0 0 19900 20100 
100 -100 0 0 20100 19900 
-100 100 0 0 19900 20100 
100 -100 0 0 20100 19900 
100 -100 0 0 20100 19900 
100 -100 0 0 20100 19900 
100 -100 0 0 20100 19900 
-100 100 0 0 19900 20100 
-100 100 0 0 19900 20100 
-100 100 0 0 19900 20100 
-100 100 0 0 19900 20100 
100 -100 0 0 20100 19900 
-100 100 0 0 19900 20100 
100 -100 0 0 20100 19900 
100 -100 0 0 20100 19900 
-100 100 0 0 19900 20100 
-100 100 0 0 19900 20100 
100 -100 0 0 20100 19900 
-100 100 0 0 19900 20100 
100 -100 0 0 20100 19900 
-100 100 0 0 19900 20100 
-100 100 0 0 19900 20100 
100 -100 0 0 20100 19900 
100 -100 0 0 20100 19900 
-100 100 0 0 19900 20100 
-100 100 0 0 19900 20100 
-100 100 0 0 19900 20100 
-100 100 0 0 19900 20100 
0 -1.42109e-14 0 0 20000 20000 
-100 100 0 0 19900 20100 
-100 100 0 0 19900 20100 
100 -100 0 0 20100 19900 
-100 100 0 0 19900 20100 
-100 100 0 0 19900 20100 
-100 100 0 0 19900 20100 
100 -100 0 0 20100 19900 
-100 100 0 0 19900 20100 
100 -100 0 0 20100 19900 
100 -100 0 0 20100 19900 
-100 100 200 -200 20100 19900 
100 -100 0 0 20100 19900 
100 -100 0 0 20100 19900 
-100 100 0 0 19900 20100 
100 -100 0 0 20100 19900 
100 -100 0 0 20100 19900 
100 -100 0 0 20100 19900 
100 -100 0 0 20100 19900 
-100 100 0 0 19900 20100 
-100 100 0 0 19900 20100 
-100 100 0 0 19900 20100 
-100 100 0 0 19900 20100 
-100 100 0 0 19900 20100 
100 -100 0 0 20100 19900 
-100 100 0 0 19900 20100 
-100 100 0 0 19900 20100 
-100 100 0 0 19900 20100 
100 -81.1 0 -18.9 20100 19900 
-100 100 200 -200 20100 19900 
100 -100 0 0 20100 19900 
100 -100 0 0 20100 19900 
100 -100 0 0 20100 19900 
-100 100 0 0 19900 20100 
-100 100 0 0 19900 20100 
100 -100 0 0 20100 19900 
100 -100 0 0 20100 19900 
-100 100 0 0 19900 20100 
-100 100 0 0 19900 20100 
-100 100 0 0 19900 20100 
100 -100 0 0 20100 19900 
-100 100 200 -200 20100 19900 
-100 100 0 0 19900 20100 
100 -100 0 0 20100 19900 
100 -100 0 0 20100 19900 
-80.5 100 -19.5 0 19900 20100 
100 -100 0 0 20100 19900 
-3.55271e-15 0 0 0 20000 20000 
100 -100 0 0 20100 19900 
-100 100 200 -200 20100 19900 
100 -98.3 0 -1.7 20100 19900 
-100 100 0 0 19900 20100 
-100 100 0 0 19900 20100 
-6.21725e-15 6.21725e-15 0 0 20000 20000 
-100 100 0 0 19900 20100 
100 -100 0 0 20100 19900 
100 -100 0 0 20100 19900 
-100 100 0 0 19900 20100 
-100 100 0 0 19900 20100 
-100 100 0 0 19900 20100 
100 -100 0 0 20100 19900 
-100 100 0 0 19900 20100 
100 -100 0 0 20100 19900 
-100 100 200 -200 20100 19900 
100 -100 0 0 20100 19900 
100 -100 0 0 20100 19900 
100 -100 0 0 20100 19900 
100 -100 0 0 20100 19900 
-100 100 0 0 19900 20100 
100 -100 0 0 20100 19900 
100 -100 0 0 20100 19900 
100 -100 0 0 20100 19900 
-100 100 0 0 19900 20100 
-100 100 0 0 19900 20100 
100 -100 0 0 20100 19900 
-100 100 0 0 19900 20100 
-100 100 0 0 19900 20100 
-100 100 0 0 19900 20100 
-100 100 0 0 19900 20100 
-100 100 0 0 19900 20100 
-100 100 0 0 19900 20100 
100 -100 0 0 20100 19900 
100 -100 0 0 20100 19900 
100 -100 0 0 20100 19900 
-100 100 0 0 19900 20100 
100 -100 0 0 20100 19900 
-100 100 0 0 19900 20100 
100 -100 0 0 20100 19900 
-100 100 0 0 19900 20100 
100 -100 0 0 20100 19900 
100 -100 0 0 20100 19900 
-100 100 0 0 19900 20100 
-100 100 0 0 19900 20100 
1.77636e-15 1.77636e-15 0 0 20000 20000 
-100 100 0 0 19900 20100 
-7.10543e-15 0 0 0 20000 20000 
-100 100 0 0 19900 20100 
100 -100 0 0 20100 19900 
-100 100 0 0 19900 20100 
100 -100 0 0 20100 19900 
100 -100 0 0 20100 19900 
100 -100 0 0 20100 19900 
-100 100 0 0 19900 20100 
-100 100 0 0 19900 20100 
100 -100 0 0 20100 19900 
-50 62.8 20050 -20062.8 40000 0 
100 -100 0 0 20100 19900 
-100 100 0 0 19900 20100 
100 -100 0 0 20100 19900 
100 -100 0 0 20100 19900 
100 -100 0 0 20100 19900 
-100 100 0 0 19900 20100 
-100 100 0 0 19900 20100 
100 -100 0 0 20100 19900 
100 -100 0 0 20100 19900 
-100 100 0 0 19900 20100 
100 -100 0 0 20100 19900 
-100 100 0 0 19900 20100 
100 -100 0 0 20100 19900 
100 -100 0 0 20100 19900 
100 -100 0 0 20100 19900 
-100 100 0 0 19900 20100 
-75.3 75.3 -19924.7 19924.7 0 40000 
-100 100 0 0 19900 20100 
-100 100 0 0 19900 20100 
-7.10543e-15 0 100 -100 20100 19900 
100 -100 0 0 20100 19900 
-90.4 100 190.4 -200 20100 19900 
100 -100 0 0 20100 19900 
100 -100 0 0 20100 19900 
100 -100 0 0 20100 19900 
-100 100 0 0 19900 20100 
100 -100 0 0 20100 19900 
100 -100 0 0 20100 19900 
-100 100 0 0 19900 20100 
-100 100 0 0 19900 20100 
-100 100 0 0 19900 20100 
-100 100 0 0 19900 20100 
-100 100 0 0 19900 20100 
100 -100 0 0 20100 19900 
-100 100 0 0 19900 20100 
-100 100 0 0 19900 20100 
100 -100 0 0 20100 19900 
-100 100 0 0 19900 20100 
-100 100 0 0 19900 20100 
100 -100 0 0 20100 19900 
-100 100 0 0 19900 20100 
-100 100 0 0 19900 20100 
100 -100 0 0 20100 19900 
-100 100 0 0 19900 20100 
100 -100 0 0 20100 19900 
100 -100 0 0 20100 19900 
-100 100 0 0 19900 20100 
-100 100 0 0 19900 20100 
-100 100 0 0 19900 20100 
100 -100 0 0 20100 19900 
-100 100 0 0 19900 20100 
-100 100 0 0 19900 20100 
7.10543e-15 0 -100 100 19900 20100 
-100 100 0 0 19900 20100 
-100 100 0 0 19900 20100 
-81.8182 81.8182 181.818 -181.818 20100 19900 
-100 100 0 0 19900 20100 
-100 100 0 0 19900 20100 
-1.42109e-14 0 -100 100 19900 20100 
-100 100 0 0 19900 20100 
100 -100 0 0 20100 19900 
100 -100 0 0 20100 19900 
100 -100 0 0 20100 19900 
-100 100 0 0 19900 20100 
100 -100 0 0 20100 19900 
-100 100 0 0 19900 20100 
-7.10543e-15 7.10543e-15 0 0 20000 20000 
100 -100 0 0 20100 19900 
-100 100 0 0 19900 20100 
100 -100 0 0 20100 19900 
100 -100 0 0 20100 19900 
-100 100 0 0 19900 20100 
100 -100 0 0 20100 19900 
100 -100 0 0 20100 19900 
-100 100 0 0 19900 20100 
-100 100 0 0 19900 20100 
100 -100 0 0 20100 19900 
-100 100 200 -200 20100 19900 
100 -100 0 0 20100 19900 
100 -100 0 0 20100 19900 
-100 100 0 0 19900 20100 
-100 100 0 0 19900 20100 
100 -100 0 0 20100 19900 
100 -100 0 0 20100 19900 
-84.0909 100.991 -15.9091 -0.990909 19900 20100 
-100 100 0 0 19900 20100 
-100 100 0 0 19900 20100 
100 -100 0 0 20100 19900 
100 -100 0 0 20100 19900 
-100 100 0 0 19900 20100 
7.10543e-15 1.42109e-14 0 0 20000 20000 
-100 100 0 0 19900 20100 
-100 100 0 0 19900 20100 
-79.1 100 -20.9 0 19900 20100 
-100 100 0 0 19900 20100 
100 -100 0 0 20100 19900 
-100 100 0 0 19900 20100 
-100 100 200 -200 20100 19900 
-100 100 0 0 19900 20100 
100 -100 0 0 20100 19900 
0 3.4 -100 96.6 19900 20100 
100 -100 0 0 20100 19900 
8.88178e-16 -8.88178e-16 0 0 20000 20000 
-100 100 0 0 19900 20100 
100 -100 0 0 20100 19900 
100 -100 0 0 20100 19900 
100 -100 0 0 20100 19900 
100 -100 0 0 20100 19900 
-19 19 -19981 19981 0 40000 
100 -100 0 0 20100 19900 
0 0 -100 100 19900 20100 
-100 100 200 -200 20100 19900 
100 -100 0 0 20100 19900 
100 -100 0 0 20100 19900 
-100 100 0 0 19900 20100 
100 -100 0 0 20100 19900 
-100 100 0 0 19900 20100 
-100 100 0 0 19900 20100 
-100 100 0 0 19900 20100 
-100 100 0 0 19900 20100 
-100 100 0 0 19900 20100 
100 -100 0 0 20100 19900 
-100 100 0 0 19900 20100 
100 -100 0 0 20100 19900 
100 -100 0 0 20100 19900 
100 -100 0 0 20100 19900 
-100 126.8 0 -26.8 19900 20100 
-100 100 0 0 19900 20100 
100 -100 0 0 20100 19900 
100 -100 0 0 20100 19900 
-100 100 0 0 19900 20100 
-100 100 0 0 19900 20100 
-100 100 0 0 19900 20100 
-100 100 0 0 19900 20100 
-1.42109e-14 3.7 0 -3.7 20000 20000 
3.55271e-15 -4.88498e-15 0 0 20000 20000 
-100 100 0 0 19900 20100 
100 -100 0 0 20100 19900 
-100 100 0 0 19900 20100 
-100 100 0 0 19900 20100 
-100 100 0 0 19900 20100 
100 -100 0 0 20100 19900 
100 -100 0 0 20100 19900 
100 -100 0 0 20100 19900 
0 0 0 0 20000 20000 
-100 100 0 0 19900 20100 
-100 100 0 0 19900 20100 
-100 100 200 -200 20100 19900 
100 -100 0 0 20100 19900 
100 -100 0 0 20100 19900 
100 -100 0 0 20100 19900 
-100 100 0 0 19900 20100 
-100 100 0 0 19900 20100 
-50 72.9 20050 -20072.9 40000 0 
-43.6 43.6 -19956.4 19956.4 0 40000 
100 -100 0 0 20100 19900 
-100 100 0 0 19900 20100 
-54.5455 54.5455 154.545 -154.545 20100 19900 
100 -100 0 0 20100 19900 
-48.7 48.7 20048.7 -20048.7 40000 0 
100 -100 0 0 20100 19900 
100 -100 0 0 20100 19900 
-100 100 0 0 19900 20100 
100 -100 0 0 20100 19900 
100 -100 0 0 20100 19900 
-100 100 0 0 19900 20100 
-100 100 0 0 19900 20100 
-100 100 0 0 19900 20100 
-100 100 0 0 19900 20100 
100 -100 0 0 20100 19900 
100 -84.5 0 -15.5 20100 19900 
100 -100 0 0 20100 19900 
100 -100 0 0 20100 19900 
-100 100 0 0 19900 20100 
100 -100 0 0 20100 19900 
-100 100 0 0 19900 20100 
100 -100 0 0 20100 19900 
-1.77636e-15 -1.77636e-15 0 0 20000 20000 
100 -100 0 0 20100 19900 
100 -100 0 0 20100 19900 
100 -100 0 0 20100 19900 
-100 100 0 0 19900 20100 
100 -100 0 0 20100 19900 
0 0 0 0 20000 20000 
-100 100 0 0 19900 20100 
100 -100 0 0 20100 19900 
100 -100 0 0 20100 19900 
100 -100 0 0 20100 19900 
-100 114.5 0 -14.5 19900 20100 
4.44089e-15 -4.44089e-15 0 0 20000 20000 
100 -100 0 0 20100 19900 
-100 100 0 0 19900 20100 
100 -100 0 0 20100 19900 
100 -100 0 0 20100 19900 
1.42109e-14 0 -100 100 19900 20100 
100 -100 0 0 20100 19900 
-100 100 0 0 19900 20100 
100 -100 0 0 20100 19900 
-30.3 30.3 -19969.7 19969.7 0 40000 
-100 100 0 0 19900 20100 
-100 100 0 0 19900 20100 
-100 100 0 0 19900 20100 
-100 100 0 0 19900 20100 
-100 100 0 0 19900 20100 
-100 100 0 0 19900 20100 
100 -100 0 0 20100 19900 
100 -100 0 0 20100 19900 
100 -100 0 0 20100 19900 
-100 100 0 0 19900 20100 
100 -100 0 0 20100 19900 
-100 100 0 0 19900 20100 
100 -100 0 0 20100 19900 
100 -100 0 0 20100 19900 
-100 100 0 0 19900 20100 
-100 100 0 0 19900 20100 
-100 100 0 0 19900 20100 
-100 100 0 0 19900 20100 
0 0 100 -100 20100 19900 
100 -100 0 0 20100 19900 
-100 100 0 0 19900 20100 
-100 100 0 0 19900 20100 
-100 100 0 0 19900 20100 
-100 100 0 0 19900 20100 
-100 100 0 0 19900 20100 
-100 100 0 0 19900 20100 
3.55271e-15 -3.55271e-15 0 0 20000 20000 
-100 100 0 0 19900 20100 
100 -100 0 0 20100 19900 
100 -100 0 0 20100 19900 
-100 100 0 0 19900 20100 
-100 100 0 0 19900 20100 
100 -100 0 0 20100 19900 
100 -100 0 0 20100 19900 
-100 100 200 -200 20100 19900 
-100 100 0 0 19900 20100 
100 -100 0 0 20100 19900 
100 -100 0 0 20100 19900 
100 -100 0 0 20100 19900 
-100 100 0 0 19900 20100 
-100 100 0 0 19900 20100 
-100 100 0 0 19900 20100 
-100 100 0 0 19900 20100 
100 -100 0 0 20100 19900 
100 -100 0 0 20100 19900 
-100 100 0 0 19900 20100 
100 -100 0 0 20100 19900 
100 -100 0 0 20100 19900 
100 -100 0 0 20100 19900 
-100 100 0 0 19900 20100 
-100 100 0 0 19900 20100 
-100 100 0 0 19900 20100 
-100 100 0 0 19900 20100 
-100 100 0 0 19900 20100 
-100 100 0 0 19900 20100 
100 -100 0 0 20100 19900 
-100 100 0 0 19900 20100 
-100 100 0 0 19900 20100 
-100 100 0 0 19900 20100 
100 -100 0 0 20100 19900 
100 -100 0 0 20100 19900 
-100 100 0 0 19900 20100 
-100 100 0 0 19900 20100 
-100 100 0 0 19900 20100 
-100 100 0 0 19900 20100 
-100 100 0 0 19900 20100 
100 -100 0 0 20100 19900 
-79.8 79.8 -19920.2 19920.2 0 40000 
-100 100 200 -200 20100 19900 
-100 100 0 0 19900 20100 
100 -100 0 0 20100 19900 
-100 100 0 0 19900 20100 
-100 100 0 0 19900 20100 
100 -100 0 0 20100 19900 
100 -100 0 0 20100 19900 
-100 100 0 0 19900 20100 
-100 100 200 -200 20100 19900 
1.42109e-14 -1.42109e-14 0 0 20000 20000 
-100 100 0 0 19900 20100 
100 -100 0 0 20100 19900 
100 -100 0 0 20100 19900 
-100 100 0 0 19900 20100 
100 -100 0 0 20100 19900 
-100 100 0 0 19900 20100 
100 -100 0 0 20100 19900 
-100 100 0 0 19900 20100 
-100 100 0 0 19900 20100 
100 -100 0 0 20100 19900 
-100 100 0 0 19900 20100 
100 -100 0 0 20100 19900 
-100 100 0 0 19900 20100 
100 -100 0 0 20100 19900 
100 -100 0 0 20100 19900 
100 -100 0 0 20100 19900 
100 -100 0 0 20100 19900 
-100 100 0 0 19900 20100 
-100 100 0 0 19900 20100 
100 -95 0 -5 20100 19900 
100 -100 0 0 20100 19900 
-100 100 0 0 19900 20100 
100 -100 0 0 20100 19900 
-100 100 0 0 19900 20100 
100 -100 0 0 20100 19900 
-100 100 0 0 19900 20100 
-100 100 0 0 19900 20100 
100 -100 0 0 20100 19900 
-100 100 0 0 19900 20100 
-100 100 0 0 19900 20100 
-100 100 200 -200 20100 19900 
-100 100 0 0 19900 20100 
-100 100 0 0 19900 20100 
-100 100 0 0 19900 20100 
100 -100 0 0 20100 19900 
100 -100 0 0 20100 19900 
-100 100 0 0 19900 20100 
-100 100 0 0 19900 20100 
100 -100 0 0 20100 19900 
-100 100 0 0 19900 20100 
3.55271e-15 -3.55271e-15 0 0 20000 20000 
100 -100 0 0 20100 19900 
-100 100 0 0 19900 20100 
100 -100 0 0 20100 19900 
-100 100 0 0 19900 20100 
-100 100 0 0 19900 20100 
100 -100 0 0 20100 19900 
-100 100 0 0 19900 20100 
-100 100 0 0 19900 20100 
100 -100 0 0 20100 19900 
100 -100 0 0 20100 19900 
-100 100 0 0 19900 20100 
-3.55271e-15 3.55271e-15 0 0 20000 20000 
-100 100 0 0 19900 20100 
-100 100 200 -200 20100 19900 
100 -100 0 0 20100 19900 
100 -100 0 0 20100 19900 
100 -100 0 0 20100 19900 
-100 100 0 0 19900 20100 
-100 100 0 0 19900 20100 
100 -100 0 0 20100 19900 
-100 100 0 0 19900 20100 
100 -100 0 0 20100 19900 
100 -100 0 0 20100 19900 
-100 100 0 0 19900 20100 
100 -100 0 0 20100 19900 
-100 100 0 0 19900 20100 
1.42109e-14 -1.42109e-14 0 0 20000 20000 
100 -100 0 0 20100 19900 
100 -100 0 0 20100 19900 
100 -100 0 0 20100 19900 
-100 100 0 0 19900 20100 
100 -100 0 0 20100 19900 
100 -100 0 0 20100 19900 
100 -100 0 0 20100 19900 
100 -100 0 0 20100 19900 
100 -100 0 0 20100 19900 
-100 100 0 0 19900 20100 
9.09091 -9.09091 90.9091 -90.9091 20100 19900 
-100 100 0 0 19900 20100 
100 -100 0 0 20100 19900 
-100 100 0 0 19900 20100 
-100 100 0 0 19900 20100 
100 -97.7 0 -2.3 20100 19900 
-100 100 0 0 19900 20100 
-100 100 0 0 19900 20100 
-100 100 0 0 19900 20100 
100 -100 0 0 20100 19900 
-25 25 20025 -20025 40000 0 
-93.0303 93.0303 -6.9697 6.9697 19900 20100 
100 -100 0 0 20100 19900 
-100 100 0 0 19900 20100 
-100 100 0 0 19900 20100 
100 -100 0 0 20100 19900 
0 0 0 0 20000 20000 
100 -100 0 0 20100 19900 
100 -100 0 0 20100 19900 
-100 100 0 0 19900 20100 
-100 100 0 0 19900 20100 
-100 100 0 0 19900 20100 
100 -100 0 0 20100 19900 
-25.4 25.4 -19974.6 19974.6 0 40000 
-100 100 0 0 19900 20100 
-100 100 0 0 19900 20100 
100 -100 0 0 20100 19900 
-100 100 0 0 19900 20100 
100 -100 0 0 20100 19900 
100 -100 0 0 20100 19900 
-100 100 0 0 19900 20100 
100 -100 0 0 20100 19900 
-2.66454e-15 2.66454e-15 0 0 20000 20000 
100 -100 0 0 20100 19900 
-100 100 0 0 19900 20100 
-100 100 0 0 19900 20100 
100 -100 0 0 20100 19900 
100 -100 0 0 20100 19900 
100 -100 0 0 20100 19900 
100 -100 0 0 20100 19900 
-100 100 0 0 19900 20100 
100 -100 0 0 20100 19900 
-100 100 0 0 19900 20100 
0 0 0 0 20000 20000 
-100 100 200 -200 20100 19900 
100 -100 0 0 20100 19900 
-100 100 0 0 19900 20100 
-100 100 0 0 19900 20100 
-100 100 0 0 19900 20100 
100 -100 0 0 20100 19900 
-100 100 0 0 19900 20100 
100 -100 0 0 20100 19900 
100 -100 0 0 20100 19900 
100 -82 0 -18 20100 19900 
-100 100 0 0 19900 20100 
100 -100 0 0 20100 19900 
-100 100 0 0 19900 20100 
-100 100 0 0 19900 20100 
-100 100 0 0 19900 20100 
-100 100 0 0 19900 20100 
100 -100 0 0 20100 19900 
-100 100 0 0 19900 20100 
100 -100 0 0 20100 19900 
100 -100 0 0 20100 19900 
-100 100 0 0 19900 20100 
-100 100 0 0 19900 20100 
-100 100 0 0 19900 20100 
-100 100 0 0 19900 20100 
100 -100 0 0 20100 19900 
-96.1616 96.1616 -3.83838 3.83838 19900 20100 
100 -100 0 0 20100 19900 
-100 100 0 0 19900 20100 
-25.2 25.2 20025.2 -20025.2 40000 0 
100 -100 0 0 20100 19900 
-100 100 0 0 19900 20100 
-100 100 0 0 19900 20100 
-100 100 0 0 19900 20100 
-100 100 0 0 19900 20100 
100 -100 0 0 20100 19900 
-100 100 0 0 19900 20100 
-100 100 0 0 19900 20100 
-100 100 0 0 19900 20100 
-100 100 0 0 19900 20100 
-100 100 0 0 19900 20100 
3.55271e-15 -3.55271e-15 0 0 20000 20000 
-100 100 0 0 19900 20100 
-100 100 0 0 19900 20100 
-100 100 0 0 19900 20100 
-100 100 0 0 19900 20100 
0 0 -100 100 19900 20100 
0 0 0 0 20000 20000 
-100 100 0 0 19900 20100 
-100 100 0 0 19900 20100 
100 -100 0 0 20100 19900 
-37.2 37.2 20037.2 -20037.2 40000 0 
100 -100 0 0 20100 19900 
100 -100 0 0 20100 19900 
100 -100 0 0 20100 19900 
100 -100 0 0 20100 19900 
-100 100 0 0 19900 20100 
100 -100 0 0 20100 19900 
100 -100 0 0 20100 19900 
100 -100 0 0 20100 19900 
100 -78.6 0 -21.4 20100 19900 
100 -100 0 0 20100 19900 
-100 100 0 0 19900 20100 
100 -100 0 0 20100 19900 
-100 100 0 0 19900 20100 
-100 100 0 0 19900 20100 
-100 100 0 0 19900 20100 
-100 100 0 0 19900 20100 
-100 100 0 0 19900 20100 
100 -100 0 0 20100 19900 
-57.1 57.1 -19942.9 19942.9 0 40000 
100 -100 0 0 20100 19900 
-57.2 57.2 -19942.8 19942.8 0 40000 
-100 100 0 0 19900 20100 
0 1.42109e-14 0 0 20000 20000 
-100 100 200 -200 20100 19900 
-100 100 0 0 19900 20100 
100 -100 0 0 20100 19900 
-100 100 0 0 19900 20100 
-100 100 0 0 19900 20100 
-100 100 0 0 19900 20100 
-100 100 200 -200 20100 19900 
-100 100 0 0 19900 20100 
-100 100 0 0 19900 20100 
100 -100 0 0 20100 19900 
-100 100 0 0 19900 20100 
-100 100 0 0 19900 20100 
-100 100 0 0 19900 20100 
-100 100 0 0 19900 20100 
100 -100 0 0 20100 19900 
100 -100 0 0 20100 19900 
-100 100 0 0 19900 20100 
-100 100 0 0 19900 20100 
100 -100 0 0 20100 19900 
-100 100 0 0 19900 20100 
-100 100 200 -200 20100 19900 
-100 100 0 0 19900 20100 
-100 100 0 0 19900 20100 
100 -78.8 0 -21.2 20100 19900 
100 -100 0 0 20100 19900 
100 -79.6 0 -20.4 20100 19900 
-100 100 0 0 19900 20100 
100 -100 0 0 20100 19900 
100 -100 0 0 20100 19900 
-100 100 0 0 19900 20100 
-100 100 0 0 19900 20100 
-100 100 0 0 19900 20100 
100 -100 0 0 20100 19900 
-100 100 0 0 19900 20100 
1.77636e-15 -1.77636e-15 0 0 20000 20000 
-100 100 0 0 19900 20100 
-100 100 0 0 19900 20100 
100 -100 0 0 20100 19900 
100 -100 0 0 20100 19900 
-100 100 0 0 19900 20100 
-100 100 0 0 19900 20100 
-100 100 0 0 19900 20100 
100 -100 0 0 20100 19900 
100 -100 0 0 20100 19900 
100 -100 0 0 20100 19900 
-100 100 0 0 19900 20100 
100 -100 0 0 20100 19900 
100 -100 0 0 20100 19900 
0 -7.10543e-15 0 0 20000 20000 
100 -100 0 0 20100 19900 
-100 100 0 0 19900 20100 
100 -100 0 0 20100 19900 
-100 100 0 0 19900 20100 
100 -100 0 0 20100 19900 
-100 100 0 0 19900 20100 
-100 100 0 0 19900 20100 
-100 100 0 0 19900 20100 
100 -100 0 0 20100 19900 
-100 100 0 0 19900 20100 
100 -100 0 0 20100 19900 
100 -100 0 0 20100 19900 
100 -100 0 0 20100 19900 
100 -100 0 0 20100 19900 
100 -100 0 0 20100 19900 
-100 100 0 0 19900 20100 
100 -100 0 0 20100 19900 
100 -100 0 0 20100 19900 
-100 100 0 0 19900 20100 
100 -100 0 0 20100 19900 
-100 100 0 0 19900 20100 
-33.6 33.6 20033.6 -20033.6 40000 0 
100 -100 0 0 20100 19900 
100 -100 0 0 20100 19900 
100 -100 0 0 20100 19900 
100 -100 0 0 20100 19900 
100 -74.9 0 -25.1 20100 19900 