100 -100 200 -200 20300 19700 
164.242 -164.242 1635.76 -1635.76 21800 18200 
-100 100 -200 200 19700 20300 
-100 100 0 0 19900 20100 
-100 100 -200 200 19700 20300 
146.061 -146.061 453.939 -453.939 20600 19400 
108.889 -108.889 1691.11 -1691.11 21800 18200 
100 -100 200 -200 20300 19700 
141.515 -141.515 1658.48 -1658.48 21800 18200 
-104.747 104.747 -495.253 495.253 19400 20600 
149.899 -149.899 1650.1 -1650.1 21800 18200 
-100 100 0 0 19900 20100 
-138.889 138.889 -61.1111 61.1111 19800 20200 
-142.02 142.02 -457.98 457.98 19400 20600 
130.909 -130.909 69.0909 -69.0909 20200 19800 
-227.273 227.273 -72.7273 72.7273 19700 20300 
100 -100 200 -200 20300 19700 
181.818 -181.818 718.182 -718.182 20900 19100 
100 -100 200 -200 20300 19700 
-136.364 136.364 -163.636 163.636 19700 20300 
100 -100 200 -200 20300 19700 
151.717 -151.717 48.2828 -48.2828 20200 19800 
-792.727 792.727 -1007.27 1007.27 18200 21800 
-100 100 -200 200 19700 20300 
229.697 -229.697 370.303 -370.303 20600 19400 
-100.404 100.404 -2599.6 2599.6 17300 22700 
100 -100 0 0 20100 19900 
-100 100 0 0 19900 20100 
-227.273 227.273 -72.7273 72.7273 19700 20300 
-100 100 0 0 19900 20100 
100 -100 0 0 20100 19900 
0 0 0 0 20000 20000 
-142.02 142.02 -457.98 457.98 19400 20600 
100 -100 0 0 20100 19900 
-329.75 329.75 -20.25 20.25 19650 20350 
100 -100 800 -800 20900 19100 
340.808 -340.808 2359.19 -2359.19 22700 17300 
125.859 -125.859 2574.14 -2574.14 22700 17300 
-1.42109e-14 1.42109e-14 0 0 20000 20000 
100 -100 0 0 20100 19900 
100 -100 0 0 20100 19900 
-100 100 -200 200 19700 20300 
100 -100 200 -200 20300 19700 
-100 100 0 0 19900 20100 
333.535 -333.535 2366.46 -2366.46 22700 17300 
-2.84217e-14 0 0 0 20000 20000 
-100 100 0 0 19900 20100 
-100 100 0 0 19900 20100 
200.303 -200.303 399.697 -399.697 20600 19400 
100 -100 800 -800 20900 19100 
345.455 -345.455 554.545 -554.545 20900 19100 
-287.172 287.172 -1512.83 1512.83 18200 21800 
100 -100 0 0 20100 19900 
100 -100 200 -200 20300 19700 
100 -100 800 -800 20900 19100 
-100 100 -200 200 19700 20300 
100 -100 0 0 20100 19900 
-1523.03 1523.03 -1176.97 1176.97 17300 22700 
100 -100 0 0 20100 19900 
-100 100 0 0 19900 20100 
-100 100 0 0 19900 20100 
113.636 -78.5364 786.364 -821.464 20900 19100 
126.061 -126.061 73.9394 -73.9394 20200 19800 
100 -82.8 0 -17.2 20100 19900 
154.545 -154.545 145.455 -145.455 20300 19700 
-100 100 0 0 19900 20100 
-266.263 266.263 -333.737 333.737 19400 20600 
100 -100 200 -200 20300 19700 
-94.2 100 -205.8 200 19700 20300 
-100 100 -200 200 19700 20300 
-100 100 0 0 19900 20100 
-100 100 -200 200 19700 20300 
-507.374 507.374 -92.6263 92.6263 19400 20600 
-141.717 141.717 -458.283 458.283 19400 20600 
454.625 -452.525 2245.37 -2247.47 22700 17300 
-100 100 0 0 19900 20100 
118.182 -118.182 781.818 -781.818 20900 19100 
-154.545 154.545 -145.455 145.455 19700 20300 
100 -100 0 0 20100 19900 
-3043.93 3043.93 -4156.07 4156.07 12800 27200 
100 -100 0 0 20100 19900 
174.141 -174.141 425.859 -425.859 20600 19400 
-100 100 0 0 19900 20100 
-100 100 -200 200 19700 20300 
235.758 -235.758 1564.24 -1564.24 21800 18200 
100 -100 0 0 20100 19900 
-155.253 155.253 -44.7475 44.7475 19800 20200 
100 -100 0 0 20100 19900 
174.747 -174.747 2525.25 -2525.25 22700 17300 
100 -100 200 -200 20300 19700 
4.54545 -4.54545 -4.54545 4.54545 20000 20000 
-154.545 154.545 -745.455 745.455 19100 20900 
-227.677 227.677 -372.323 372.323 19400 20600 
-154.545 154.545 -745.455 745.455 19100 20900 
-870.303 870.303 -929.697 929.697 18200 21800 
-281.818 281.818 -18.1818 18.1818 19700 20300 
181.818 -181.818 718.182 -718.182 20900 19100 
100 -97.6 200 -202.4 20300 19700 
384.236 -363.636 515.764 -536.364 20900 19100 
151.111 -151.111 48.8889 -48.8889 20200 19800 
136.364 -136.364 763.636 -763.636 20900 19100 
-100 100 0 0 19900 20100 
566.97 -566.97 1233.03 -1233.03 21800 18200 
-100 100 -200 200 19700 20300 
-92.7838 108.384 -1707.22 1691.62 18200 21800 
-190.909 190.909 -109.091 109.091 19700 20300 
127.273 -127.273 772.727 -772.727 20900 19100 
100 -100 200 -200 20300 19700 
100 -100 0 0 20100 19900 
100 -100 200 -200 20300 19700 
-169.697 169.697 -430.303 430.303 19400 20600 
-154.545 154.545 -145.455 145.455 19700 20300 
136.364 -136.364 163.636 -163.636 20300 19700 
100 -100 200 -200 20300 19700 
-100 100 0 0 19900 20100 
100 -100 200 -200 20300 19700 
129.873 -127.273 770.127 -772.727 20900 19100 
131.818 -131.818 768.182 -768.182 20900 19100 
100 -100 200 -200 20300 19700 
-204.343 204.343 -395.657 395.657 19400 20600 
178.384 -178.384 1621.62 -1621.62 21800 18200 
0 0 0 0 20000 20000 
100 -100 200 -200 20300 19700 
-100 100 0 0 19900 20100 
100 -100 0 0 20100 19900 
100 -100 200 -200 20300 19700 
-100 100 0 0 19900 20100 
-100 100 -200 200 19700 20300 
127.273 -127.273 772.727 -772.727 20900 19100 
118.182 -82.8818 781.818 -817.118 20900 19100 
-136.768 136.768 -63.2323 63.2323 19800 20200 
-269.899 269.899 -330.101 330.101 19400 20600 
-100 100 -200 200 19700 20300 
191.717 -191.717 408.283 -408.283 20600 19400 
100 -100 800 -800 20900 19100 
100 -100 0 0 20100 19900 
190.909 -190.909 709.091 -709.091 20900 19100 
100 -100 200 -200 20300 19700 
109.091 -109.091 1690.91 -1690.91 21800 18200 
100 -100 200 -200 20300 19700 
-216.768 216.768 -383.232 383.232 19400 20600 
168.182 -168.182 131.818 -131.818 20300 19700 
-100 100 0 0 19900 20100 
154.545 -154.545 745.455 -745.455 20900 19100 
-163.636 163.636 -736.364 736.364 19100 20900 
100 -100 200 -200 20300 19700 
-100 100 0 0 19900 20100 
133.333 -133.333 466.667 -466.667 20600 19400 
100 -100 0 0 20100 19900 
-100 100 -200 200 19700 20300 
128.079 -127.879 471.921 -472.121 20600 19400 
150 -150 -150 150 20000 20000 
118.182 -118.182 781.818 -781.818 20900 19100 
-100 100 -200 200 19700 20300 
-890.909 890.909 290.909 -290.909 19400 20600 
-154.242 154.242 -445.758 445.758 19400 20600 
186.364 -186.364 113.636 -113.636 20300 19700 
122.222 -122.222 77.7778 -77.7778 20200 19800 
100 -100 0 0 20100 19900 
-154.545 154.545 -145.455 145.455 19700 20300 
100 -100 0 0 20100 19900 
153.131 -153.131 1646.87 -1646.87 21800 18200 
-100 100 -200 200 19700 20300 
-136.768 136.768 -63.2323 63.2323 19800 20200 
172.727 -172.727 727.273 -727.273 20900 19100 
-256.364 256.364 -343.636 343.636 19400 20600 
-100 100 0 0 19900 20100 
-289.495 289.495 -1510.51 1510.51 18200 21800 
-181.818 181.818 -118.182 118.182 19700 20300 
-100 100 0 0 19900 20100 
-100 100 -200 200 19700 20300 
-231.111 231.111 -1568.89 1568.89 18200 21800 
-410.303 410.303 -189.697 189.697 19400 20600 
120.808 -120.808 2579.19 -2579.19 22700 17300 
110.303 -110.303 2589.7 -2589.7 22700 17300 
154.545 -154.545 145.455 -145.455 20300 19700 
116.263 -116.263 2583.74 -2583.74 22700 17300 
-100 100 0 0 19900 20100 
198.586 -198.586 1601.41 -1601.41 21800 18200 
-100 100 0 0 19900 20100 
461.818 -461.818 2238.18 -2238.18 22700 17300 
217.98 -217.98 2482.02 -2482.02 22700 17300 
112.727 -112.727 487.273 -487.273 20600 19400 
-188.283 188.283 -2511.72 2511.72 17300 22700 
233.333 -233.333 366.667 -366.667 20600 19400 
-140.909 140.909 -159.091 159.091 19700 20300 
-100 100 0 0 19900 20100 
-100 100 0 0 19900 20100 
-100 100 0 0 19900 20100 
-127.273 127.273 -172.727 172.727 19700 20300 
147.475 -147.475 452.525 -452.525 20600 19400 
-148.788 148.788 -51.2121 51.2121 19800 20200 
-100 100 -200 200 19700 20300 
-100 100 -200 200 19700 20300 
-87.8323 103.232 -512.168 496.768 19400 20600 
-127.273 127.273 -772.727 772.727 19100 20900 
338.99 -338.99 2361.01 -2361.01 22700 17300 
100 -100 200 -200 20300 19700 
100 -100 0 0 20100 19900 
-100 100 0 0 19900 20100 
-102.02 102.02 -497.98 497.98 19400 20600 
-100 100 0 0 19900 20100 
-100 100 0 0 19900 20100 
-100.606 100.606 -499.394 499.394 19400 20600 
145.657 -145.657 454.343 -454.343 20600 19400 
-275.96 275.96 -1524.04 1524.04 18200 21800 
100 -100 200 -200 20300 19700 
-100 100 0 0 19900 20100 
-100 100 -200 200 19700 20300 
-100 100 0 0 19900 20100 
281.414 -281.414 1518.59 -1518.59 21800 18200 
-118.182 118.182 -181.818 181.818 19700 20300 
-1035.33 1035.33 335.326 -335.326 19300 20700 
127.273 -127.273 772.727 -772.727 20900 19100 
-100 100 -200 200 19700 20300 
-100 100 -200 200 19700 20300 
-100 100 0 0 19900 20100 
-427.273 427.273 -472.727 472.727 19100 20900 
123.434 -123.434 2576.57 -2576.57 22700 17300 
-100 100 -200 200 19700 20300 
-90.7 100 -9.3 0 19900 20100 
263.636 -263.636 36.3636 -36.3636 20300 19700 
-154.545 154.545 -745.455 745.455 19100 20900 
-118.182 118.182 -781.818 781.818 19100 20900 
229.293 -229.293 1570.71 -1570.71 21800 18200 
925.152 -925.152 874.848 -874.848 21800 18200 
-100 100 0 0 19900 20100 
136.162 -136.162 463.838 -463.838 20600 19400 
100 -100 200 -200 20300 19700 
100 -100 200 -200 20300 19700 
-100 100 -200 200 19700 20300 
142.626 -142.626 57.3737 -57.3737 20200 19800 
-100 100 -200 200 19700 20300 
100 -100 0 0 20100 19900 
100 -100 0 0 20100 19900 
100 -96.2 200 -203.8 20300 19700 
118.182 -118.182 781.818 -781.818 20900 19100 
172.727 -172.727 727.273 -727.273 20900 19100 
-100 100 -200 200 19700 20300 
128.687 -118.787 71.3131 -81.2131 20200 19800 
214.848 -214.848 385.152 -385.152 20600 19400 
267.677 -267.677 1532.32 -1532.32 21800 18200 
100 -100 200 -200 20300 19700 
-158.788 158.788 -1641.21 1641.21 18200 21800 
-154.545 154.545 -145.455 145.455 19700 20300 
-100 100 -200 200 19700 20300 
-100 100 0 0 19900 20100 
-215.758 215.758 -384.242 384.242 19400 20600 
-100 100 0 0 19900 20100 
-127.273 127.273 -172.727 172.727 19700 20300 
-118.182 118.182 -781.818 781.818 19100 20900 
127.273 -127.273 772.727 -772.727 20900 19100 
-100 100 -800 800 19100 20900 
-200 200 -100 100 19700 20300 
-244.04 244.04 -355.96 355.96 19400 20600 
100 -100 200 -200 20300 19700 
154.545 -154.545 145.455 -145.455 20300 19700 
-100 100 -200 200 19700 20300 
-72.7 100 -27.3 0 19900 20100 
-190.909 190.909 -109.091 109.091 19700 20300 
100 -100 200 -200 20300 19700 
130.101 -130.101 1669.9 -1669.9 21800 18200 
-154.545 154.545 -145.455 145.455 19700 20300 
-100 101.7 -200 198.3 19700 20300 
-100 100 -200 200 19700 20300 
-100 100 0 0 19900 20100 
-100 100 0 0 19900 20100 
-409.091 409.091 109.091 -109.091 19700 20300 
-100 100 0 0 19900 20100 
110.808 -110.808 489.192 -489.192 20600 19400 
375.354 -375.354 1424.65 -1424.65 21800 18200 
-100 100 0 0 19900 20100 
-128.687 128.687 -71.3131 71.3131 19800 20200 
266.97 -242.87 333.03 -357.13 20600 19400 
100 -100 0 0 20100 19900 
-100 100 0 0 19900 20100 
127.273 -127.273 772.727 -772.727 20900 19100 
675.657 -675.657 1124.34 -1124.34 21800 18200 
-100 100 -200 200 19700 20300 
-908.485 908.485 -891.515 891.515 18200 21800 
135.253 -135.253 64.7475 -64.7475 20200 19800 
181.818 -181.818 718.182 -718.182 20900 19100 
-318.182 318.182 -581.818 581.818 19100 20900 
5.35354 -5.35354 -5.35354 5.35354 20000 20000 
-100 100 0 0 19900 20100 
100 -100 0 0 20100 19900 
100 -100 0 0 20100 19900 
-190.909 190.909 -109.091 109.091 19700 20300 
145.455 -145.455 154.545 -154.545 20300 19700 
138.788 -138.788 461.212 -461.212 20600 19400 
-91.6 100 -208.4 200 19700 20300 
126.869 -126.869 473.131 -473.131 20600 19400 
-100 100 0 0 19900 20100 
-130 130 -1670 1670 18200 21800 
100 -100 200 -200 20300 19700 
-445.455 445.455 145.455 -145.455 19700 20300 
-100 100 -200 200 19700 20300 
-372.727 372.727 72.7273 -72.7273 19700 20300 
-253.939 253.939 53.9394 -53.9394 19800 20200 
-436.364 436.364 136.364 -136.364 19700 20300 
-73.3 100 -26.7 0 19900 20100 
100 -99.2 0 -0.8 20100 19900 
-140.707 140.707 -1659.29 1659.29 18200 21800 
224.04 -224.04 1575.96 -1575.96 21800 18200 
340 -340 2360 -2360 22700 17300 
-100 100 0 0 19900 20100 
-149.192 149.192 -50.8081 50.8081 19800 20200 
-183.03 183.03 -16.9697 16.9697 19800 20200 
172.727 -172.727 727.273 -727.273 20900 19100 
-133.535 133.535 -66.4646 66.4646 19800 20200 
-100 100 0 0 19900 20100 
-153.939 153.939 -1646.06 1646.06 18200 21800 
227.273 -227.273 672.727 -672.727 20900 19100 
-100 100 -200 200 19700 20300 
-255.96 255.96 -1544.04 1544.04 18200 21800 
-100 100 0 0 19900 20100 
-101.497 119.697 -1698.5 1680.3 18200 21800 
-100 100 0 0 19900 20100 
100 -100 200 -200 20300 19700 
-100 100 -200 200 19700 20300 
-100 100 0 0 19900 20100 
-100 100 0 0 19900 20100 
160.202 -160.202 2539.8 -2539.8 22700 17300 
127.273 -127.273 172.727 -172.727 20300 19700 
123.939 -123.939 476.061 -476.061 20600 19400 
-100 100 0 0 19900 20100 
100 -100 200 -200 20300 19700 
-942.02 942.02 -857.98 857.98 18200 21800 
-269.596 269.596 269.596 -269.596 20000 20000 
-126.566 126.566 -1673.43 1673.43 18200 21800 
-100 100 0 0 19900 20100 
100 -100 800 -800 20900 19100 
-136.768 136.768 -63.2323 63.2323 19800 20200 
-100 100 -200 200 19700 20300 
168.182 -168.182 131.818 -131.818 20300 19700 
100 -100 200 -200 20300 19700 
-103.838 103.838 -496.162 496.162 19400 20600 
126.667 -126.667 473.333 -473.333 20600 19400 
-100 100 -200 200 19700 20300 
-100 100 -200 200 19700 20300 
-100 100 0 0 19900 20100 
100 -100 200 -200 20300 19700 
154.545 -154.545 145.455 -145.455 20300 19700 
-100 101.5 0 -1.5 19900 20100 
-100 100 -200 200 19700 20300 
100 -100 200 -200 20300 19700 
-100 100 0 0 19900 20100 
-100 100 0 0 19900 20100 
-154.545 154.545 -145.455 145.455 19700 20300 
-100 100 0 0 19900 20100 
-100 100 0 0 19900 20100 
-104.242 104.242 -1695.76 1695.76 18200 21800 
154.545 -154.545 145.455 -145.455 20300 19700 
351.414 -351.414 1448.59 -1448.59 21800 18200 
-100 100 -200 200 19700 20300 
154.545 -154.545 145.455 -145.455 20300 19700 
186.465 -186.465 1613.54 -1613.54 21800 18200 
-100 100 -200 200 19700 20300 
100 -100 200 -200 20300 19700 
100 -100 0 0 20100 19900 
227.273 -227.273 672.727 -672.727 20900 19100 
-100 100 -200 200 19700 20300 
190.909 -190.909 709.091 -709.091 20900 19100 
-100 100 0 0 19900 20100 
-100 100 -800 800 19100 20900 
183.03 -183.03 1616.97 -1616.97 21800 18200 
463.636 -463.636 436.364 -436.364 20900 19100 
130.101 -130.101 69.899 -69.899 20200 19800 
0 0 0 0 20000 20000 
163.636 -163.636 736.364 -736.364 20900 19100 
100 -100 200 -200 20300 19700 
-163.636 163.636 -136.364 136.364 19700 20300 
-100 100 0 0 19900 20100 
-100 100 0 0 19900 20100 
186.667 -186.667 413.333 -413.333 20600 19400 
100 -99.4 200 -200.6 20300 19700 
-74.3 100 -25.7 0 19900 20100 
248.586 -248.586 351.414 -351.414 20600 19400 
-801.414 801.414 -998.586 998.586 18200 21800 
-100 100 0 0 19900 20100 
278.283 -278.283 1521.72 -1521.72 21800 18200 
211.515 -211.515 1588.48 -1588.48 21800 18200 
-154.545 154.545 -145.455 145.455 19700 20300 
100 -100 800 -800 20900 19100 
100 -100 0 0 20100 19900 
-400 400 -500 500 19100 20900 
-136.364 136.364 -763.636 763.636 19100 20900 
-261.212 261.212 -338.788 338.788 19400 20600 
-1049.09 1049.09 449.091 -449.091 19400 20600 
-100 100 0 0 19900 20100 
-100 100 -200 200 19700 20300 
100 -100 200 -200 20300 19700 
210.101 -210.101 1589.9 -1589.9 21800 18200 
100 -100 0 0 20100 19900 
-100 100 -200 200 19700 20300 
-136.97 136.97 -63.0303 63.0303 19800 20200 
145.455 -145.455 154.545 -154.545 20300 19700 
100 -100 200 -200 20300 19700 
5.32907e-15 -2.22045e-15 0 0 20000 20000 
-100 100 -200 200 19700 20300 
-100 100 -200 200 19700 20300 
-100 100 0 0 19900 20100 
168.182 -168.182 731.818 -731.818 20900 19100 
-6.21725e-15 6.21725e-15 0 0 20000 20000 
-18.1818 18.1818 18.1818 -18.1818 20000 20000 
-154.545 154.545 -145.455 145.455 19700 20300 
-154.545 154.545 -745.455 745.455 19100 20900 
-154.545 154.545 -145.455 145.455 19700 20300 
-125.873 127.273 -174.127 172.727 19700 20300 
229.091 -222.191 1570.91 -1577.81 21800 18200 
146.97 -146.97 53.0303 -53.0303 20200 19800 
-399.4 399.4 -0.6 0.6 19600 20400 
100 -100 200 -200 20300 19700 
127.273 -127.273 772.727 -772.727 20900 19100 
176.364 -176.364 1623.64 -1623.64 21800 18200 
-190.909 190.909 -109.091 109.091 19700 20300 
100 -100 200 -200 20300 19700 
100 -100 200 -200 20300 19700 
100 -100 0 0 20100 19900 
-239.091 239.091 -360.909 360.909 19400 20600 
-100 100 0 0 19900 20100 
-100 100 0 0 19900 20100 
230.303 -230.303 1569.7 -1569.7 21800 18200 
-100 100 0 0 19900 20100 
100 -100 800 -800 20900 19100 
-100 100 -800 800 19100 20900 
-100 100 -200 200 19700 20300 
-100 100 0 0 19900 20100 
181.818 -181.818 718.182 -718.182 20900 19100 
-145.455 145.455 -154.545 154.545 19700 20300 
-100 100 0 0 19900 20100 
100 -100 800 -800 20900 19100 
-100 100 0 0 19900 20100 
-472.727 472.727 172.727 -172.727 19700 20300 
136.768 -136.768 463.232 -463.232 20600 19400 
-136.364 136.364 -163.636 163.636 19700 20300 
-193.939 193.939 -1606.06 1606.06 18200 21800 
292.727 -292.727 1507.27 -1507.27 21800 18200 
-100 100 0 0 19900 20100 
260 -260 340 -340 20600 19400 
-100 100 0 0 19900 20100 
100 -100 800 -800 20900 19100 
130.101 -130.101 1669.9 -1669.9 21800 18200 
100 -100 0 0 20100 19900 
154.545 -154.545 145.455 -145.455 20300 19700 
-231.313 231.313 -368.687 368.687 19400 20600 
-100 100 0 0 19900 20100 
237.273 -237.273 362.727 -362.727 20600 19400 
-154.545 154.545 -145.455 145.455 19700 20300 
334.949 -334.949 2365.05 -2365.05 22700 17300 
-100 100 0 0 19900 20100 
255.455 -255.455 1544.55 -1544.55 21800 18200 
-100 100 0 0 19900 20100 
168.586 -168.586 431.414 -431.414 20600 19400 
5.32907e-15 -5.32907e-15 0 0 20000 20000 
-100 100 -200 200 19700 20300 
280.202 -280.202 2419.8 -2419.8 22700 17300 
-100 100 0 0 19900 20100 
137.374 -137.374 62.6263 -62.6263 20200 19800 
-968.687 968.687 -831.313 831.313 18200 21800 
-100 100 0 0 19900 20100 
-100 100 0 0 19900 20100 
142.828 -142.828 57.1717 -57.1717 20200 19800 
-137.172 137.172 -462.828 462.828 19400 20600 
403.636 -403.636 196.364 -196.364 20600 19400 
-5.85859 5.85859 5.85859 -5.85859 20000 20000 
127.273 -127.273 772.727 -772.727 20900 19100 
403.232 -403.232 1396.77 -1396.77 21800 18200 
-179.192 179.192 -1620.81 1620.81 18200 21800 
1.42109e-14 3.55271e-15 0 0 20000 20000 
100 -100 800 -800 20900 19100 
413.939 -413.939 1386.06 -1386.06 21800 18200 
100 -100 200 -200 20300 19700 
-100 100 0 0 19900 20100 
-100 100 0 0 19900 20100 
100 -100 0 0 20100 19900 
-141.717 141.717 -1658.28 1658.28 18200 21800 
-100 100 -200 200 19700 20300 
-154.545 154.545 -745.455 745.455 19100 20900 
127.273 -127.273 772.727 -772.727 20900 19100 
-100 100 0 0 19900 20100 
100 -100 0 0 20100 19900 
138.788 -138.788 461.212 -461.212 20600 19400 
-187.677 187.677 -12.3232 12.3232 19800 20200 
100 -100 200 -200 20300 19700 
153.939 -153.939 446.061 -446.061 20600 19400 
-172.727 172.727 -127.273 127.273 19700 20300 
-451.313 451.313 -148.687 148.687 19400 20600 
135.556 -135.556 464.444 -464.444 20600 19400 
123.636 -123.636 476.364 -476.364 20600 19400 
147.75 -147.75 902.25 -902.25 21050 18950 
300.707 -300.707 1499.29 -1499.29 21800 18200 
-100 100 -200 200 19700 20300 
-100 100 -200 200 19700 20300 
-353.939 353.939 -1446.06 1446.06 18200 21800 
-100 100 0 0 19900 20100 
-100 100 0 0 19900 20100 
-100 100 0 0 19900 20100 
100 -100 800 -800 20900 19100 
181.818 -181.818 718.182 -718.182 20900 19100 
-197.98 197.98 -2.0202 2.0202 19800 20200 
-128.283 128.283 -71.7172 71.7172 19800 20200 
127.273 -127.273 172.727 -172.727 20300 19700 
100 -100 200 -200 20300 19700 
146.061 -146.061 453.939 -453.939 20600 19400 
100 -100 0 0 20100 19900 
100.404 -100.404 2599.6 -2599.6 22700 17300 
106.263 -106.263 493.737 -493.737 20600 19400 
100 -100 0 0 20100 19900 
100 -100 800 -800 20900 19100 
-77.0121 101.212 -522.988 498.788 19400 20600 
-100 100 0 0 19900 20100 
-418.182 418.182 118.182 -118.182 19700 20300 
100 -100 800 -800 20900 19100 
108.485 -108.485 791.515 -791.515 20900 19100 
-127.273 127.273 -172.727 172.727 19700 20300 
-100 100 -200 200 19700 20300 
-100 100 0 0 19900 20100 
400 -400 500 -500 20900 19100 
100 -100 200 -200 20300 19700 
100 -100 200 -200 20300 19700 
-100 100 -200 200 19700 20300 
-116.464 136.364 -783.536 763.636 19100 20900 
100 -100 200 -200 20300 19700 
972.323 -972.323 827.677 -827.677 21800 18200 
-100 100 -200 200 19700 20300 
463.636 -463.636 436.364 -436.364 20900 19100 
-100 100 0 0 19900 20100 
100 -100 200 -200 20300 19700 
-100 100 -200 200 19700 20300 
156.768 -156.768 43.2323 -43.2323 20200 19800 
-154.545 154.545 -145.455 145.455 19700 20300 
-190.909 190.909 -109.091 109.091 19700 20300 
-1002.83 1002.83 402.828 -402.828 19400 20600 
446.061 -446.061 1353.94 -1353.94 21800 18200 
209.091 -209.091 90.9091 -90.9091 20300 19700 
-100 100 -800 800 19100 20900 
-136.364 136.364 -163.636 163.636 19700 20300 
174.848 -174.848 2525.15 -2525.15 22700 17300 
100 -100 0 0 20100 19900 
102.424 -102.424 2597.58 -2597.58 22700 17300 
100 -100 0 0 20100 19900 
100 -100 0 0 20100 19900 
-100 100 0 0 19900 20100 
-100 100 0 0 19900 20100 
-101.515 101.515 -98.4848 98.4848 19800 20200 
-100 100 0 0 19900 20100 
-354.545 354.545 -545.455 545.455 19100 20900 
36.2626 -36.2626 -36.2626 36.2626 20000 20000 
-100 100 0 0 19900 20100 
-150 150 -150 150 19700 20300 
-100 100 -200 200 19700 20300 
160.808 -160.808 1639.19 -1639.19 21800 18200 
-100 100 -200 200 19700 20300 
-100 100 0 0 19900 20100 
109.495 -109.495 90.5051 -90.5051 20200 19800 
100 -100 0 0 20100 19900 
-100 100 0 0 19900 20100 
-100 100 0 0 19900 20100 
100 -100 0 0 20100 19900 
-100 100 0 0 19900 20100 
-127.273 127.273 -172.727 172.727 19700 20300 
-72.7273 72.7273 72.7273 -72.7273 20000 20000 
454.545 -454.545 445.455 -445.455 20900 19100 
100 -100 0 0 20100 19900 
100 -100 200 -200 20300 19700 
100 -100 0 0 20100 19900 
-100 100 0 0 19900 20100 
-100 100 0 0 19900 20100 
101.212 -101.212 2598.79 -2598.79 22700 17300 
100 -100 0 0 20100 19900 
100 -100 200 -200 20300 19700 
317.879 -317.879 1482.12 -1482.12 21800 18200 
100 -100 0 0 20100 19900 
-100 100 -800 800 19100 20900 
-100 100 -200 200 19700 20300 
151.818 -151.818 48.1818 -48.1818 20200 19800 
154.545 -154.545 145.455 -145.455 20300 19700 
100 -100 0 0 20100 19900 
250 -250 50 -50 20300 19700 
-204.545 204.545 -95.4545 95.4545 19700 20300 
-100 100 -200 200 19700 20300 
-100 100 -500 500 19400 20600 
-151.313 151.313 -448.687 448.687 19400 20600 
254.5 -254.5 795.5 -795.5 21050 18950 
100 -100 200 -200 20300 19700 
-140.808 140.808 -59.1919 59.1919 19800 20200 
100 -100 800 -800 20900 19100 
-168.182 168.182 -731.818 731.818 19100 20900 
-100 100 0 0 19900 20100 
372.727 -372.727 527.273 -527.273 20900 19100 
-100 100 -200 200 19700 20300 
-181.818 181.818 -118.182 118.182 19700 20300 
-100 100 0 0 19900 20100 
127.273 -127.273 172.727 -172.727 20300 19700 
145.455 -145.455 754.545 -754.545 20900 19100 
150 -150 150 -150 20300 19700 
906.534 -904.234 9893.47 -9895.77 30800 9200 
-100 100 0 0 19900 20100 
181.818 -181.818 718.182 -718.182 20900 19100 
100 -100 200 -200 20300 19700 
-220.606 220.606 20.6061 -20.6061 19800 20200 
-158.788 158.788 -441.212 441.212 19400 20600 
118.182 -118.182 781.818 -781.818 20900 19100 
280.5 -280.5 9169.5 -9169.5 29450 10550 
239.394 -239.394 360.606 -360.606 20600 19400 
100 -100 200 -200 20300 19700 
0 0 0 0 20000 20000 
-127.273 127.273 -772.727 772.727 19100 20900 
-255.051 255.051 55.0505 -55.0505 19800 20200 
-103.838 103.838 -496.162 496.162 19400 20600 
100 -100 0 0 20100 19900 
-127.273 127.273 -172.727 172.727 19700 20300 
-127.273 127.273 -172.727 172.727 19700 20300 
139.495 -139.495 60.5051 -60.5051 20200 19800 
-100 100 -200 200 19700 20300 
100 -100 0 0 20100 19900 
245.758 -245.758 2454.24 -2454.24 22700 17300 
100 -100 200 -200 20300 19700 
185.556 -185.556 414.444 -414.444 20600 19400 
-100 100 0 0 19900 20100 
-100 100 0 0 19900 20100 
-100 100 0 0 19900 20100 
-100 102.3 -200 197.7 19700 20300 
100 -100 200 -200 20300 19700 
169.091 -169.091 30.9091 -30.9091 20200 19800 
100 -100 0 0 20100 19900 
-100 100 -200 200 19700 20300 
100 -100 200 -200 20300 19700 
100 -100 200 -200 20300 19700 
358.788 -358.788 241.212 -241.212 20600 19400 
-153.737 153.737 -446.263 446.263 19400 20600 
104.646 -104.646 495.354 -495.354 20600 19400 
1023.28 -1011.68 9776.72 -9788.32 30800 9200 
57.5758 -57.5758 -57.5758 57.5758 20000 20000 
293.03 -293.03 1506.97 -1506.97 21800 18200 
-83 100 -817 800 19100 20900 
-100 100 0 0 19900 20100 
100 -100 0 0 20100 19900 
-100 100 0 0 19900 20100 
-133.752 135.152 -66.2485 64.8485 19800 20200 
-100 100 -200 200 19700 20300 
117.576 -117.576 82.4242 -82.4242 20200 19800 
-154.545 154.545 -745.455 745.455 19100 20900 
-100 100 -200 200 19700 20300 
188.081 -172.281 2511.92 -2527.72 22700 17300 
100 -100 0 0 20100 19900 
-100 100 0 0 19900 20100 
-100 100 -800 800 19100 20900 
-100 100 -200 200 19700 20300 
166.061 -166.061 433.939 -433.939 20600 19400 
-100 100 -1700 1700 18200 21800 
108.687 -108.687 1691.31 -1691.31 21800 18200 
100 -100 200 -200 20300 19700 
182.121 -182.121 1617.88 -1617.88 21800 18200 
-354.545 354.545 54.5455 -54.5455 19700 20300 
112.02 -112.02 1687.98 -1687.98 21800 18200 
-982.424 982.424 -1717.58 1717.58 17300 22700 
-4.54545 4.54545 4.54545 -4.54545 20000 20000 
100 -100 0 0 20100 19900 
179.192 -179.192 1620.81 -1620.81 21800 18200 
-100.606 100.606 -1699.39 1699.39 18200 21800 
-100 100 -200 200 19700 20300 
127.273 -127.273 172.727 -172.727 20300 19700 
164.545 -164.545 1635.45 -1635.45 21800 18200 
132.727 -132.727 467.273 -467.273 20600 19400 
100 -100 0 0 20100 19900 
-162.727 162.727 -437.273 437.273 19400 20600 
-100 100 0 0 19900 20100 
100 -100 200 -200 20300 19700 
296.162 -296.162 1503.84 -1503.84 21800 18200 
-127.273 127.273 -772.727 772.727 19100 20900 
100 -100 200 -200 20300 19700 
504.784 -504.784 295.216 -295.216 20800 19200 
100 -100 0 0 20100 19900 
100 -100 0 0 20100 19900 
138.182 -138.182 461.818 -461.818 20600 19400 
-100 100 0 0 19900 20100 
238.687 -238.687 361.313 -361.313 20600 19400 
-215.556 215.556 -684.444 684.444 19100 20900 
100 -100 200 -200 20300 19700 
-100 100 -200 200 19700 20300 
102.8 -100 -2.8 0 20100 19900 
-100 100 0 0 19900 20100 
113.636 -113.636 786.364 -786.364 20900 19100 
190.909 -190.909 709.091 -709.091 20900 19100 
179.798 -179.798 420.202 -420.202 20600 19400 
100.606 -100.606 2599.39 -2599.39 22700 17300 
-100 100 0 0 19900 20100 
100 -100 200 -200 20300 19700 
236.566 -236.566 363.434 -363.434 20600 19400 
148.485 -148.485 451.515 -451.515 20600 19400 
247.677 -247.677 2452.32 -2452.32 22700 17300 
100 -100 200 -200 20300 19700 
-718.586 718.586 118.586 -118.586 19400 20600 
-663.333 663.333 -2036.67 2036.67 17300 22700 
-100 100 0 0 19900 20100 
-199.091 199.091 -400.909 400.909 19400 20600 
154.141 -154.141 445.859 -445.859 20600 19400 
252.121 -252.121 347.879 -347.879 20600 19400 
108.283 -108.283 2591.72 -2591.72 22700 17300 
-100 100 0 0 19900 20100 
261.616 -261.616 1538.38 -1538.38 21800 18200 
100 -100 0 0 20100 19900 
-100 100 -200 200 19700 20300 
218.182 -218.182 681.818 -681.818 20900 19100 
-1013.54 1013.54 -786.465 786.465 18200 21800 
-100 100 0 0 19900 20100 
-100 100 -2600 2600 17300 22700 
-100 100 -200 200 19700 20300 
-327.273 327.273 27.2727 -27.2727 19700 20300 
-100 100 -800 800 19100 20900 
-100 100 -200 200 19700 20300 
127.273 -126.073 772.727 -773.927 20900 19100 
-181.818 181.818 -718.182 718.182 19100 20900 
-239.697 239.697 -360.303 360.303 19400 20600 
-136.768 136.768 -463.232 463.232 19400 20600 
100 -100 200 -200 20300 19700 
-127.273 127.273 -172.727 172.727 19700 20300 
145.455 -114.855 754.545 -785.145 20900 19100 
-100 100 0 0 19900 20100 
-100 100 0 0 19900 20100 
-100 100 -200 200 19700 20300 
279.697 -279.697 1520.3 -1520.3 21800 18200 
148.182 -148.182 451.818 -451.818 20600 19400 
391.818 -391.818 1408.18 -1408.18 21800 18200 
158.283 -158.283 441.717 -441.717 20600 19400 
145.455 -145.455 154.545 -154.545 20300 19700 
100 -100 200 -200 20300 19700 
100 -100 0 0 20100 19900 
109.495 -109.495 90.5051 -90.5051 20200 19800 
-100 100 0 0 19900 20100 
-145.455 145.455 -154.545 154.545 19700 20300 
135.152 -135.152 464.848 -464.848 20600 19400 
-100 100 -200 200 19700 20300 
100 -100 200 -200 20300 19700 
-100 100 -200 200 19700 20300 
154.545 -154.545 745.455 -745.455 20900 19100 
129.091 -129.091 1670.91 -1670.91 21800 18200 
234.343 -234.343 2465.66 -2465.66 22700 17300 
-90.9091 90.9091 90.9091 -90.9091 20000 20000 
-100 100 0 0 19900 20100 
-100 100 0 0 19900 20100 
-100 100 0 0 19900 20100 
-140 140 -1660 1660 18200 21800 
-100 100 -200 200 19700 20300 
106.263 -106.263 1693.74 -1693.74 21800 18200 
-209.091 209.091 -90.9091 90.9091 19700 20300 
-4.54545 4.54545 4.54545 -4.54545 20000 20000 
252.929 -252.929 347.071 -347.071 20600 19400 
-72.3232 72.3232 72.3232 -72.3232 20000 20000 
100 -100 200 -200 20300 19700 
-234.949 234.949 -1565.05 1565.05 18200 21800 
100 -100 0 0 20100 19900 
-100 100 0 0 19900 20100 
-100 100 -200 200 19700 20300 
100 -100 200 -200 20300 19700 
154.545 -154.545 145.455 -145.455 20300 19700 
-989.899 989.899 -810.101 810.101 18200 21800 
179.192 -179.192 20.8081 -20.8081 20200 19800 
100 -100 200 -200 20300 19700 
100 -100 0 0 20100 19900 
100 -100 200 -200 20300 19700 
-100 100 0 0 19900 20100 
109.091 -109.091 790.909 -790.909 20900 19100 
-100 100 0 0 19900 20100 
-100 100 -200 200 19700 20300 
154.545 -154.545 145.455 -145.455 20300 19700 
259.798 -259.798 1540.2 -1540.2 21800 18200 
-100 100 0 0 19900 20100 
100 -100 200 -200 20300 19700 
-1654.51 1654.51 -9145.49 9145.49 9200 30800 
-74.5 100 -25.5 0 19900 20100 
142.323 -142.323 1657.68 -1657.68 21800 18200 
372.727 -372.727 -72.7273 72.7273 20300 19700 
-55.2525 55.2525 55.2525 -55.2525 20000 20000 
145.455 -145.455 154.545 -154.545 20300 19700 
-100 100 0 0 19900 20100 
181.818 -181.818 118.182 -118.182 20300 19700 
100 -100 0 0 20100 19900 
335.152 -335.152 2364.85 -2364.85 22700 17300 
-100 100 -200 200 19700 20300 
-100 100 0 0 19900 20100 
-153.333 153.333 -46.6667 46.6667 19800 20200 
100 -100 0 0 20100 19900 
7.10543e-15 -7.10543e-15 0 0 20000 20000 
-100 100 0 0 19900 20100 
-100 100 0 0 19900 20100 
100 -100 0 0 20100 19900 
-127.273 127.273 -772.727 772.727 19100 20900 
100 -100 200 -200 20300 19700 
452.358 -452.358 347.642 -347.642 20800 19200 
-100 100 0 0 19900 20100 
-100 100 0 0 19900 20100 
-932.525 932.525 -867.475 867.475 18200 21800 
-493.868 493.868 -6706.13 6706.13 12800 27200 
-100 100 0 0 19900 20100 
113.636 -113.636 786.364 -786.364 20900 19100 
-118.182 118.182 -781.818 781.818 19100 20900 
-100 100 0 0 19900 20100 
-157.98 157.98 -42.0202 42.0202 19800 20200 
173.333 -173.333 426.667 -426.667 20600 19400 
0 1.42109e-14 0 0 20000 20000 
100 -94.8 0 -5.2 20100 19900 
-100 100 0 0 19900 20100 
-903.333 903.333 -896.667 896.667 18200 21800 
-100 100 -200 200 19700 20300 
-148.99 148.99 -51.0101 51.0101 19800 20200 
-100 100 -200 200 19700 20300 
-252.424 252.424 -347.576 347.576 19400 20600 
100 -100 0 0 20100 19900 
-419.925 419.925 -6780.07 6780.07 12800 27200 
-125.152 125.152 -474.848 474.848 19400 20600 
100 -100 0 0 20100 19900 
-200.606 200.606 -1599.39 1599.39 18200 21800 
100 -100 0 0 20100 19900 
100 -100 200 -200 20300 19700 
-54.5455 54.5455 54.5455 -54.5455 20000 20000 
-100 100 0 0 19900 20100 
-100 100 0 0 19900 20100 
-145.455 145.455 -154.545 154.545 19700 20300 
-100 100 0 0 19900 20100 
100 -100 800 -800 20900 19100 
154.545 -154.545 145.455 -145.455 20300 19700 
-100 100 -200 200 19700 20300 
100 -100 200 -200 20300 19700 
269.293 -269.293 2430.71 -2430.71 22700 17300 
-100 100 -200 200 19700 20300 
153.838 -153.838 46.1616 -46.1616 20200 19800 
-100 100 -200 200 19700 20300 
127.273 -127.273 772.727 -772.727 20900 19100 
-100 100 0 0 19900 20100 
-172.727 172.727 -727.273 727.273 19100 20900 
127.273 -127.273 172.727 -172.727 20300 19700 
100 -100 0 0 20100 19900 
-100 100 -200 200 19700 20300 
226.061 -226.061 2473.94 -2473.94 22700 17300 
100 -100 200 -200 20300 19700 
-318.182 318.182 -581.818 581.818 19100 20900 
136.364 -136.364 763.636 -763.636 20900 19100 
-227.677 227.677 -1572.32 1572.32 18200 21800 
100 -100 0 0 20100 19900 
-168.182 168.182 -131.818 131.818 19700 20300 
-100 100 0 0 19900 20100 
-100 100 -200 200 19700 20300 
159.091 -159.091 -159.091 159.091 20000 20000 
190.909 -190.909 709.091 -709.091 20900 19100 
218.182 -218.182 681.818 -681.818 20900 19100 
100 -100 200 -200 20300 19700 
100 -100 200 -200 20300 19700 
-363.636 363.636 -536.364 536.364 19100 20900 
127.273 -127.273 772.727 -772.727 20900 19100 
-18.1818 18.1818 18.1818 -18.1818 20000 20000 
-100 100 -200 200 19700 20300 
136.364 -136.364 763.636 -763.636 20900 19100 
-100 100 -800 800 19100 20900 
-100 100 -200 200 19700 20300 
-100 100 -200 200 19700 20300 
100 -100 800 -800 20900 19100 
139.091 -139.091 60.9091 -60.9091 20200 19800 
100 -100 200 -200 20300 19700 
-566.991 566.991 -633.009 633.009 18800 21200 
100 -100 200 -200 20300 19700 
-427.273 427.273 -472.727 472.727 19100 20900 
100 -100 200 -200 20300 19700 
0 0 0 0 20000 20000 
472.727 -472.727 427.273 -427.273 20900 19100 
-127.273 127.273 -172.727 172.727 19700 20300 
125.657 -125.657 474.343 -474.343 20600 19400 
-256.061 256.061 -343.939 343.939 19400 20600 
-226.465 226.465 -373.535 373.535 19400 20600 
100 -100 800 -800 20900 19100 
-127.98 127.98 -72.0202 72.0202 19800 20200 
-100 100 -200 200 19700 20300 
-436.364 436.364 136.364 -136.364 19700 20300 
-100 100 -200 200 19700 20300 
120.606 -120.606 2579.39 -2579.39 22700 17300 
-100 100 0 0 19900 20100 
356.667 -356.667 1443.33 -1443.33 21800 18200 
113.333 -113.333 2586.67 -2586.67 22700 17300 
353.232 -353.232 1446.77 -1446.77 21800 18200 
-100 100 0 0 19900 20100 
-100 100 -800 800 19100 20900 
-187.879 187.879 -2512.12 2512.12 17300 22700 
196.566 -196.566 403.434 -403.434 20600 19400 
-100 100 -200 200 19700 20300 
159.192 -159.192 440.808 -440.808 20600 19400 
-276.869 276.869 -1523.13 1523.13 18200 21800 
100 -100 200 -200 20300 19700 
-103.232 103.232 -96.7677 96.7677 19800 20200 
-100 100 0 0 19900 20100 
100 -100 0 0 20100 19900 
-200 200 -100 100 19700 20300 
304.04 -304.04 2395.96 -2395.96 22700 17300 
-100 100 0 0 19900 20100 
-5.32907e-15 3.55271e-15 0 0 20000 20000 
-113.636 113.636 -186.364 186.364 19700 20300 
-100 100 -200 200 19700 20300 
-100 100 0 0 19900 20100 
-200 200 -100 100 19700 20300 
100 -100 200 -200 20300 19700 
136.768 -136.768 463.232 -463.232 20600 19400 
-100 100 0 0 19900 20100 
353.131 -353.131 1446.87 -1446.87 21800 18200 
-218.182 218.182 -81.8182 81.8182 19700 20300 
-145.455 145.455 -154.545 154.545 19700 20300 
-122.4 140 -77.6 60 19800 20200 
-242.828 242.828 -1557.17 1557.17 18200 21800 
-100 100 0 0 19900 20100 
-181.818 181.818 -718.182 718.182 19100 20900 
127.273 -127.273 172.727 -172.727 20300 19700 
-100 100 0 0 19900 20100 
-100 100 0 0 19900 20100 
154.545 -154.545 745.455 -745.455 20900 19100 
154.545 -154.545 145.455 -145.455 20300 19700 
-100 100 0 0 19900 20100 
105.152 -105.152 1694.85 -1694.85 21800 18200 
100 -100 800 -800 20900 19100 
0.909091 -0.909091 -0.909091 0.909091 20000 20000 
234.343 -234.343 365.657 -365.657 20600 19400 
-100 100 -200 200 19700 20300 
56.4646 -56.4646 -56.4646 56.4646 20000 20000 
-100 100 -200 200 19700 20300 
-100 100 0 0 19900 20100 
-100 100 0 0 19900 20100 
142.828 -142.828 457.172 -457.172 20600 19400 
245.455 -245.455 54.5455 -54.5455 20300 19700 
279.697 -279.697 1520.3 -1520.3 21800 18200 
-406.263 406.263 -1393.74 1393.74 18200 21800 
273.939 -273.939 1526.06 -1526.06 21800 18200 
-100 100 -200 200 19700 20300 
-190.909 190.909 -109.091 109.091 19700 20300 
100 -100 0 0 20100 19900 
-100 100 -200 200 19700 20300 
100 -100 0 0 20100 19900 
100 -100 800 -800 20900 19100 
-100 100 -200 200 19700 20300 
154.545 -154.545 145.455 -145.455 20300 19700 
-100 100 -800 800 19100 20900 
-100 100 -800 800 19100 20900 
100 -100 0 0 20100 19900 
-218.182 218.182 -81.8182 81.8182 19700 20300 
-100 100 0 0 19900 20100 
114.949 -114.949 485.051 -485.051 20600 19400 
3.55271e-15 -3.55271e-15 0 0 20000 20000 
7.37374 -7.37374 -7.37374 7.37374 20000 20000 
118.182 -118.182 781.818 -781.818 20900 19100 
-100 100 -200 200 19700 20300 
1784.98 -1784.98 4515.02 -4515.02 26300 13700 
-524.2 524.2 -675.8 675.8 18800 21200 
-100 100 0 0 19900 20100 
100 -100 200 -200 20300 19700 
-330.808 330.808 -1469.19 1469.19 18200 21800 
241.616 -241.616 2458.38 -2458.38 22700 17300 
-140.404 140.404 -59.596 59.596 19800 20200 
954.04 -954.04 845.96 -845.96 21800 18200 
352.626 -352.626 1447.37 -1447.37 21800 18200 
100 -99.6 200 -200.4 20300 19700 
163.636 -163.636 736.364 -736.364 20900 19100 
-100 100 0 0 19900 20100 
-18.1818 18.1818 18.1818 -18.1818 20000 20000 
-100 100 0 0 19900 20100 
100 -100 200 -200 20300 19700 
188.283 -188.283 1611.72 -1611.72 21800 18200 
-100 100 -200 200 19700 20300 
108.687 -108.687 91.3131 -91.3131 20200 19800 
-100 100 0 0 19900 20100 
149.293 -148.693 50.7071 -51.3071 20200 19800 
100 -100 200 -200 20300 19700 
279.755 -267.855 6920.25 -6932.15 27200 12800 
-100 100 -200 200 19700 20300 
-236.364 236.364 -663.636 663.636 19100 20900 
100 -100 200 -200 20300 19700 
144.242 -144.242 455.758 -455.758 20600 19400 
100 -100 0 0 20100 19900 
100 -100 200 -200 20300 19700 
-127.273 127.273 -172.727 172.727 19700 20300 
118.182 -118.182 781.818 -781.818 20900 19100 
343.03 -343.03 1456.97 -1456.97 21800 18200 
181.818 -181.818 718.182 -718.182 20900 19100 
-142.02 142.02 -457.98 457.98 19400 20600 
104.242 -104.242 2595.76 -2595.76 22700 17300 
-235.762 236.162 -1564.24 1563.84 18200 21800 
-409.091 409.091 -490.909 490.909 19100 20900 
136.768 -136.768 463.232 -463.232 20600 19400 
-100 100 0 0 19900 20100 
-100 100 0 0 19900 20100 
-277.98 277.98 77.9798 -77.9798 19800 20200 
133.333 -133.333 466.667 -466.667 20600 19400 
-664.774 664.774 -6535.23 6535.23 12800 27200 
100 -100 200 -200 20300 19700 
-100 100 0 0 19900 20100 
-429.798 429.798 -170.202 170.202 19400 20600 
100 -100 200 -200 20300 19700 
140.404 -140.404 59.596 -59.596 20200 19800 
112.727 -112.727 87.2727 -87.2727 20200 19800 
168.182 -168.182 731.818 -731.818 20900 19100 
-32.9293 32.9293 32.9293 -32.9293 20000 20000 
190.909 -190.909 109.091 -109.091 20300 19700 
-100 100 -200 200 19700 20300