100 -100 100 -100 20200 19800 
-350 350 -1450 1450 18200 21800 
100 -100 0 0 20100 19900 
100 -100 0 0 20100 19900 
100 -100 0 0 20100 19900 
-115.354 115.354 -784.646 784.646 19100 20900 
-109.495 109.495 -90.5051 90.5051 19800 20200 
100 -100 0 0 20100 19900 
-356.162 356.162 -2343.84 2343.84 17300 22700 
100 -100 0 0 20100 19900 
-100 100 -200 200 19700 20300 
-154.747 154.747 -1645.25 1645.25 18200 21800 
-184.646 184.646 -1615.35 1615.35 18200 21800 
133.535 -133.535 66.4646 -66.4646 20200 19800 
-150.707 150.707 -449.293 449.293 19400 20600 
100 -100 100 -100 20200 19800 
-3.55271e-15 0 0 0 20000 20000 
85.6566 -85.6566 -85.6566 85.6566 20000 20000 
100 -100 0 0 20100 19900 
100 -100 0 0 20100 19900 
-100 100 0 0 19900 20100 
100 -100 0 0 20100 19900 
100 -100 0 0 20100 19900 
-171.313 171.313 -2528.69 2528.69 17300 22700 
148.081 -148.081 51.9192 -51.9192 20200 19800 
100 -100 0 0 20100 19900 
100 -100 0 0 20100 19900 
241.6 -241.6 8.4 -8.4 20250 19750 
-110.707 110.707 -89.2929 89.2929 19800 20200 
-123.838 123.838 -76.1616 76.1616 19800 20200 
-3.55271e-15 3.55271e-15 0 0 20000 20000 
141.515 -141.515 458.485 -458.485 20600 19400 
103.232 -103.232 296.768 -296.768 20400 19600 
-295.96 295.96 -1504.04 1504.04 18200 21800 
100 -100 200 -200 20300 19700 
179.596 -179.596 1620.4 -1620.4 21800 18200 
-100 100 -200 200 19700 20300 
100 -100 200 -200 20300 19700 
136.768 -136.768 263.232 -263.232 20400 19600 
100 -76.7 0 -23.3 20100 19900 
-151.616 151.616 -48.3838 48.3838 19800 20200 
100 -100 200 -200 20300 19700 
100 -100 100 -100 20200 19800 
100 -100 0 0 20100 19900 
0 1.42109e-14 0 0 20000 20000 
-144.141 144.141 -455.859 455.859 19400 20600 
100 -100 0 0 20100 19900 
-100 100 0 0 19900 20100 
-154.444 154.444 -45.5556 45.5556 19800 20200 
-133.535 133.535 -466.465 466.465 19400 20600 
100 -100 0 0 20100 19900 
100 -100 0 0 20100 19900 
-148.99 148.99 -51.0101 51.0101 19800 20200 
476.768 -476.768 423.232 -423.232 20900 19100 
100 -100 0 0 20100 19900 
100 -100 0 0 20100 19900 
143.939 -143.939 56.0606 -56.0606 20200 19800 
100 -100 0 0 20100 19900 
-100 100 0 0 19900 20100 
-100 100 0 0 19900 20100 
100 -100 0 0 20100 19900 
100 -100 200 -200 20300 19700 
-155.657 155.657 -444.343 444.343 19400 20600 
-150.707 150.707 -49.2929 49.2929 19800 20200 
100 -100 100 -100 20200 19800 
100 -100 100 -100 20200 19800 
100 -100 0 0 20100 19900 
-100 100 -200 200 19700 20300 
100 -100 100 -100 20200 19800 
-165.758 165.758 -434.242 434.242 19400 20600 
-85.1111 111.111 -114.889 88.8889 19800 20200 
-111.515 111.515 -88.4848 88.4848 19800 20200 
363.4 -363.4 -63.4 63.4 20300 19700 
-171.313 171.313 -28.6869 28.6869 19800 20200 
-159.596 159.596 -1640.4 1640.4 18200 21800 
100 -100 0 0 20100 19900 
100 -100 0 0 20100 19900 
-108.687 108.687 -91.3131 91.3131 19800 20200 
-100 100 0 0 19900 20100 
-112.727 112.727 -487.273 487.273 19400 20600 
100 -100 200 -200 20300 19700 
270.303 -270.303 -70.303 70.303 20200 19800 
127.778 -127.778 72.2222 -72.2222 20200 19800 
100 -100 0 0 20100 19900 
100 -100 0 0 20100 19900 
-135.354 135.354 -64.6465 64.6465 19800 20200 
100 -100 0 0 20100 19900 
-100 100 0 0 19900 20100 
100 -100 0 0 20100 19900 
-146.061 146.061 -53.9394 53.9394 19800 20200 
100 -100 0 0 20100 19900 
100 -85.7 200 -214.3 20300 19700 
-100 100 -200 200 19700 20300 
100 -100 0 0 20100 19900 
100 -100 0 0 20100 19900 
100 -100 0 0 20100 19900 
136.364 -136.364 763.636 -763.636 20900 19100 
-103.636 103.636 -1696.36 1696.36 18200 21800 
240.606 -240.606 -40.6061 40.6061 20200 19800 
-100 100 0 0 19900 20100 
-192.121 192.121 -7.87879 7.87879 19800 20200 
100 -100 0 0 20100 19900 
-152.525 152.525 -447.475 447.475 19400 20600 
131.717 -131.717 68.2828 -68.2828 20200 19800 
-100 100 0 0 19900 20100 
100 -100 0 0 20100 19900 
245.051 -245.051 -45.0505 45.0505 20200 19800 
100 -100 100 -100 20200 19800 
100 -100 0 0 20100 19900 
136.364 -136.364 63.6364 -63.6364 20200 19800 
100 -100 0 0 20100 19900 
100.606 -100.606 1699.39 -1699.39 21800 18200 
-110.909 110.909 -489.091 489.091 19400 20600 
-270.707 270.707 -329.293 329.293 19400 20600 
253.434 -253.434 146.566 -146.566 20400 19600 
100.909 -100.909 99.0909 -99.0909 20200 19800 
111.616 -111.616 288.384 -288.384 20400 19600 
-8.88178e-16 2.66454e-15 0 0 20000 20000 
-108.687 108.687 -1691.31 1691.31 18200 21800 
113.939 -113.939 86.0606 -86.0606 20200 19800 
100 -100 0 0 20100 19900 
-126.869 126.869 -473.131 473.131 19400 20600 
136.768 -136.768 63.2323 -63.2323 20200 19800 
107.071 -107.071 492.929 -492.929 20600 19400 
-187.071 187.071 -12.9293 12.9293 19800 20200 
100 -100 100 -100 20200 19800 
-100 100 -100 100 19800 20200 
100 -100 0 0 20100 19900 
-152.323 152.323 -47.6768 47.6768 19800 20200 
100 -61.5 0 -38.5 20100 19900 
-174.646 174.646 -425.354 425.354 19400 20600 
100 -100 0 0 20100 19900 
100 -100 0 0 20100 19900 
100 -100 0 0 20100 19900 
118.081 -118.081 281.919 -281.919 20400 19600 
100 -100 0 0 20100 19900 
100 -100 100 -100 20200 19800 
496.768 -496.768 2203.23 -2203.23 22700 17300 
100 -100 0 0 20100 19900 
100 -65.7 0 -34.3 20100 19900 
-97.8 100 -2.2 0 19900 20100 
100 -100 200 -200 20300 19700 
250.909 -250.909 -50.9091 50.9091 20200 19800 
-277.677 280.277 277.677 -280.277 20000 20000 
100 -100 0 0 20100 19900 
100 -100 0 0 20100 19900 
100 -100 100 -100 20200 19800 
100 -100 200 -200 20300 19700 
-135.354 135.354 -464.646 464.646 19400 20600 
321.616 -321.616 -321.616 321.616 20000 20000 
-134.141 134.141 -265.859 265.859 19600 20400 
-486.465 486.465 -2213.54 2213.54 17300 22700 
-100 100 0 0 19900 20100 
-171.717 171.717 -428.283 428.283 19400 20600 
-100 100 0 0 19900 20100 
100 -100 0 0 20100 19900 
100 -100 0 0 20100 19900 
100 -100 0 0 20100 19900 
-105.859 105.859 -94.1414 94.1414 19800 20200 
100 -100 0 0 20100 19900 
100 -100 0 0 20100 19900 
100 -100 0 0 20100 19900 
100 -100 0 0 20100 19900 
133.333 -133.333 66.6667 -66.6667 20200 19800 
-437.374 437.374 -1362.63 1362.63 18200 21800 
263.03 -263.03 -63.0303 63.0303 20200 19800 
100 -100 0 0 20100 19900 
100 -100 200 -200 20300 19700 
-100 100 -200 200 19700 20300 
100 -100 0 0 20100 19900 
-101.616 101.616 -2598.38 2598.38 17300 22700 
-153.838 153.838 -46.1616 46.1616 19800 20200 
111.919 -111.919 88.0808 -88.0808 20200 19800 
-100 100 0 0 19900 20100 
100 -100 100 -100 20200 19800 
-252.222 252.222 -1547.78 1547.78 18200 21800 
141.515 -141.515 58.4848 -58.4848 20200 19800 
129.697 -129.697 470.303 -470.303 20600 19400 
-405.657 405.657 -1394.34 1394.34 18200 21800 
125.051 -125.051 274.949 -274.949 20400 19600 
100 -100 0 0 20100 19900 
100 -100 0 0 20100 19900 
-460.101 460.101 -1339.9 1339.9 18200 21800 
-100 100 -100 100 19800 20200 
-181.414 181.414 -1618.59 1618.59 18200 21800 
100 -100 200 -200 20300 19700 
100 -100 0 0 20100 19900 
100 -100 100 -100 20200 19800 
242.02 -242.02 -42.0202 42.0202 20200 19800 
100 -100 0 0 20100 19900 
261.818 -261.818 -61.8182 61.8182 20200 19800 
-100 100 -200 200 19700 20300 
-113.434 113.434 -86.5657 86.5657 19800 20200 
100 -100 0 0 20100 19900 
-100 100 -200 200 19700 20300 
-155.758 155.758 -44.2424 44.2424 19800 20200 
100 -100 0 0 20100 19900 
146.869 -132.469 53.1313 -67.5313 20200 19800 
-1.42109e-14 1.42109e-14 0 0 20000 20000 
100 -100 0 0 20100 19900 
410.505 -410.505 2289.49 -2289.49 22700 17300 
-274.343 274.343 -325.657 325.657 19400 20600 
100 -100 0 0 20100 19900 
100 -100 0 0 20100 19900 
100 -100 0 0 20100 19900 
100 -100 0 0 20100 19900 
100 -100 0 0 20100 19900 
-280.606 280.606 -1519.39 1519.39 18200 21800 
100 -100 0 0 20100 19900 
1.42109e-14 0 0 0 20000 20000 
131.919 -131.919 68.0808 -68.0808 20200 19800 
-100 100 0 0 19900 20100 
-158.283 158.283 -41.7172 41.7172 19800 20200 
100 -100 0 0 20100 19900 
141.414 -141.414 58.5859 -58.5859 20200 19800 
151.414 -151.414 48.5859 -48.5859 20200 19800 
100 -100 0 0 20100 19900 
100 -100 0 0 20100 19900 
100 -100 0 0 20100 19900 
-145.455 145.455 -54.5455 54.5455 19800 20200 
-109.495 109.495 -1690.51 1690.51 18200 21800 
100 -100 0 0 20100 19900 
100 -100 0 0 20100 19900 
100 -100 100 -100 20200 19800 
142.424 -142.424 457.576 -457.576 20600 19400 
-1.42109e-14 5.6 0 -5.6 20000 20000 
-100 100 0 0 19900 20100 
-100 100 -200 200 19700 20300 
-100 100 -200 200 19700 20300 
100 -100 0 0 20100 19900 
-103.03 103.03 -296.97 296.97 19600 20400 
100 -100 100 -100 20200 19800 
-109.091 109.091 -490.909 490.909 19400 20600 
100 -100 100 -100 20200 19800 
-100 100 -200 200 19700 20300 
-154.545 154.545 -745.455 745.455 19100 20900 
100 -100 0 0 20100 19900 
-121.212 121.212 -478.788 478.788 19400 20600 
270.707 -270.707 -70.7071 70.7071 20200 19800 
245.96 -245.96 -45.9596 45.9596 20200 19800 
-100 100 -200 200 19700 20300 
100 -100 100 -100 20200 19800 
-164.242 164.242 -235.758 235.758 19600 20400 
-144.04 144.04 -455.96 455.96 19400 20600 
-123.232 123.232 -776.768 776.768 19100 20900 
-172.727 172.727 -727.273 727.273 19100 20900 
-100 100 -200 200 19700 20300 
100 -100 0 0 20100 19900 
890.505 -890.505 909.495 -909.495 21800 18200 
120.808 -120.808 479.192 -479.192 20600 19400 
100 -100 0 0 20100 19900 
-100 100 0 0 19900 20100 
100 -100 0 0 20100 19900 
100 -100 0 0 20100 19900 
100 -100 0 0 20100 19900 
100 -100 0 0 20100 19900 
-383.232 383.232 -2316.77 2316.77 17300 22700 
247.475 -247.475 152.525 -152.525 20400 19600 
100 -100 0 0 20100 19900 
100 -100 0 0 20100 19900 
-138.485 138.485 -1661.52 1661.52 18200 21800 
-118.182 118.182 -781.818 781.818 19100 20900 
148.485 -148.485 451.515 -451.515 20600 19400 
137.879 -137.879 62.1212 -62.1212 20200 19800 
100 -100 0 0 20100 19900 
-117.374 117.374 -482.626 482.626 19400 20600 
273.131 -273.131 -73.1313 73.1313 20200 19800 
157.273 -157.273 42.7273 -42.7273 20200 19800 
100 -100 0 0 20100 19900 
-147.071 147.071 -52.9293 52.9293 19800 20200 
100 -100 0 0 20100 19900 
-193.45 193.45 -56.55 56.55 19750 20250 
-100 100 0 0 19900 20100 
100 -100 0 0 20100 19900 
100 -100 0 0 20100 19900 
136.768 -136.768 63.2323 -63.2323 20200 19800 
-100 100 0 0 19900 20100 
-137.98 137.98 -62.0202 62.0202 19800 20200 
100 -100 100 -100 20200 19800 
100 -100 0 0 20100 19900 
-170.909 170.909 -29.0909 29.0909 19800 20200 
1361.41 -1361.41 1338.59 -1338.59 22700 17300 
100 -100 100 -100 20200 19800 
-100 100 0 0 19900 20100 
-172.727 172.727 -727.273 727.273 19100 20900 
-100 100 0 0 19900 20100 
-100 100 -200 200 19700 20300 
-100 100 -800 800 19100 20900 
136.768 -136.768 63.2323 -63.2323 20200 19800 
100 -100 100 -100 20200 19800 
-100 100 0 0 19900 20100 
-156.162 156.162 -43.8384 43.8384 19800 20200 
-255.6 255.6 -44.4 44.4 19700 20300 
239.293 -238.593 -39.2929 38.5929 20200 19800 
100 -100 0 0 20100 19900 
100 -100 0 0 20100 19900 
1038.99 -1019.39 761.006 -780.606 21800 18200 
100 -100 100 -100 20200 19800 
100 -100 0 0 20100 19900 
-100 100 -200 200 19700 20300 
150.606 -150.606 449.394 -449.394 20600 19400 
-100 100 -500 500 19400 20600 
-100 100 0 0 19900 20100 
-100 100 -800 800 19100 20900 
-250.855 250.855 -7849.15 7849.15 11900 28100 
-143.03 143.03 -256.97 256.97 19600 20400 
-100 100 -200 200 19700 20300 
100 -100 0 0 20100 19900 
100 -100 0 0 20100 19900 
-100 100 -200 200 19700 20300 
100 -100 0 0 20100 19900 
-108.687 108.687 -91.3131 91.3131 19800 20200 
100 -100 0 0 20100 19900 
-202.6 202.6 -2047.4 2047.4 17750 22250 
-140.606 140.606 -59.3939 59.3939 19800 20200 
-181.414 181.414 -1618.59 1618.59 18200 21800 
-15.0505 15.0505 15.0505 -15.0505 20000 20000 
100 -100 0 0 20100 19900 
100 -100 0 0 20100 19900 
-145.354 145.354 -454.646 454.646 19400 20600 
-100 100 -200 200 19700 20300 
-175.556 175.556 -24.4444 24.4444 19800 20200 
101.313 -101.313 98.6869 -98.6869 20200 19800 
100 -100 200 -200 20300 19700 
144.949 -144.949 1655.05 -1655.05 21800 18200 
100 -100 0 0 20100 19900 
100 -100 0 0 20100 19900 
110.909 -110.909 289.091 -289.091 20400 19600 
100 -100 0 0 20100 19900 
172.727 -172.727 727.273 -727.273 20900 19100 
-100 100 0 0 19900 20100 
-100 100 0 0 19900 20100 
107.5 -100 92.5 -100 20200 19800 
100 -100 100 -100 20200 19800 
160.303 -160.303 -160.303 160.303 20000 20000 
-123.636 123.636 -476.364 476.364 19400 20600 
-555.758 555.758 -1244.24 1244.24 18200 21800 
2.52525 -2.52525 -2.52525 2.52525 20000 20000 
100 -100 200 -200 20300 19700 
218.99 -218.99 -18.9899 18.9899 20200 19800 
100 -100 0 0 20100 19900 
100 -100 0 0 20100 19900 
154.04 -154.04 45.9596 -45.9596 20200 19800 
100 -100 0 0 20100 19900 
101.515 -101.515 98.4848 -98.4848 20200 19800 
-233.131 233.131 -1566.87 1566.87 18200 21800 
-130.101 130.101 -69.899 69.899 19800 20200 
-117.374 117.374 -1682.63 1682.63 18200 21800 
100 -100 0 0 20100 19900 
-100 100 -200 200 19700 20300 
136.768 -136.768 263.232 -263.232 20400 19600 
100 -100 0 0 20100 19900 
-100 100 0 0 19900 20100 
243.131 -243.131 -43.1313 43.1313 20200 19800 
-100 100 -200 200 19700 20300 
-100 100 -200 200 19700 20300 
100 -100 0 0 20100 19900 
100 -100 0 0 20100 19900 
100 -100 0 0 20100 19900 
-108.687 108.687 -1691.31 1691.31 18200 21800 
100 -100 100 -100 20200 19800 
100 -100 100 -100 20200 19800 
-100 100 -100 100 19800 20200 
100 -100 0 0 20100 19900 
-100 100 0 0 19900 20100 
100 -100 0 0 20100 19900 
-100 100 -200 200 19700 20300 
158.182 -158.182 41.8182 -41.8182 20200 19800 
-134.242 134.242 -65.7576 65.7576 19800 20200 
100 -100 0 0 20100 19900 
-100 100 -200 200 19700 20300 
-100 100 0 0 19900 20100 
100 -100 0 0 20100 19900 
229.697 -229.697 1570.3 -1570.3 21800 18200 
100 -100 0 0 20100 19900 
-178.182 178.182 -21.8182 21.8182 19800 20200 
156.061 -156.061 243.939 -243.939 20400 19600 
-100 100 -200 200 19700 20300 
-100 100 0 0 19900 20100 
100 -100 100 -100 20200 19800 
846.162 -846.162 953.838 -953.838 21800 18200 
100 -100 100 -100 20200 19800 
100 -100 0 0 20100 19900 
100 -100 100 -100 20200 19800 
-100 100 -200 200 19700 20300 
-101.818 101.818 -2598.18 2598.18 17300 22700 
109.394 -109.394 490.606 -490.606 20600 19400 
100 -100 0 0 20100 19900 
-100 100 0 0 19900 20100 
100 -100 0 0 20100 19900 
103.737 -103.737 96.2626 -96.2626 20200 19800 
-100 100 -200 200 19700 20300 
-100 100 -200 200 19700 20300 
242.626 -242.626 -42.6263 42.6263 20200 19800 
100 -100 0 0 20100 19900 
100 -100 0 0 20100 19900 
-100 100 -500 500 19400 20600 
-141.414 141.414 141.414 -141.414 20000 20000 
100 -100 0 0 20100 19900 
-445.455 445.455 -2254.55 2254.55 17300 22700 
0 0 0 0 20000 20000 
-107.071 107.071 -292.929 292.929 19600 20400 
433.127 -433.127 1366.87 -1366.87 21800 18200 
100 -100 0 0 20100 19900 
100 -100 100 -100 20200 19800 
6.21725e-15 -6.21725e-15 0 0 20000 20000 
249.293 -249.293 -49.2929 49.2929 20200 19800 
100 -100 0 0 20100 19900 
100 -100 0 0 20100 19900 
-100 100 -200 200 19700 20300 
-100 100 0 0 19900 20100 
100 -100 0 0 20100 19900 
-100 100 0 0 19900 20100 
-126.869 126.869 -73.1313 73.1313 19800 20200 
100 -100 0 0 20100 19900 
-449.293 449.293 -1350.71 1350.71 18200 21800 
-100 100 0 0 19900 20100 
-100 100 0 0 19900 20100 
216.566 -216.566 1583.43 -1583.43 21800 18200 
-278.384 278.384 -1521.62 1521.62 18200 21800 
-102.828 102.828 -97.1717 97.1717 19800 20200 
100 -100 200 -200 20300 19700 
105.354 -105.354 94.6465 -94.6465 20200 19800 
-100 100 0 0 19900 20100 
100 -100 100 -100 20200 19800 
-100 100 -100 100 19800 20200 
-100 100 -200 200 19700 20300 
-40.9091 40.9091 40.9091 -40.9091 20000 20000 
100 -100 200 -200 20300 19700 
100 -100 0 0 20100 19900 
-151.616 151.616 -448.384 448.384 19400 20600 
-134.141 134.141 -465.859 465.859 19400 20600 
-104.343 104.343 -295.657 295.657 19600 20400 
171.818 -171.818 1628.18 -1628.18 21800 18200 
100 -100 0 0 20100 19900 
-100 100 -200 200 19700 20300 
110.303 -110.303 89.697 -89.697 20200 19800 
100 -100 100 -100 20200 19800 
-103.636 103.636 -496.364 496.364 19400 20600 
100 -100 0 0 20100 19900 
141.919 -141.919 58.0808 -58.0808 20200 19800 
100 -100 0 0 20100 19900 
-150 150 -50 50 19800 20200 
246.869 -246.869 353.131 -353.131 20600 19400 
-144.545 144.545 -55.4545 55.4545 19800 20200 
-100 100 0 0 19900 20100 
-206.802 220.202 -1593.2 1579.8 18200 21800 
-100 100 -2600 2600 17300 22700 
100 -100 0 0 20100 19900 
-100 100 0 0 19900 20100 
100 -100 0 0 20100 19900 
-360.808 360.808 -2339.19 2339.19 17300 22700 
100 -100 0 0 20100 19900 
-100 100 0 0 19900 20100 
-285.96 285.96 -914.04 914.04 18800 21200 
100 -100 0 0 20100 19900 
-132.525 132.525 -1667.47 1667.47 18200 21800 
100 -100 100 -100 20200 19800 
100 -100 0 0 20100 19900 
100 -100 0 0 20100 19900 
100 -100 0 0 20100 19900 
-213.131 213.131 -1586.87 1586.87 18200 21800 
100 -100 0 0 20100 19900 
100 -100 0 0 20100 19900 
-147.071 147.071 -52.9293 52.9293 19800 20200 
-100 100 0 0 19900 20100 
100 -100 0 0 20100 19900 
400 -400 500 -500 20900 19100 
100 -100 0 0 20100 19900 
-100 100 0 0 19900 20100 
-100 100 -200 200 19700 20300 
100 -100 0 0 20100 19900 
100 -100 0 0 20100 19900 
100 -100 0 0 20100 19900 
409.091 -409.091 490.909 -490.909 20900 19100 
100 -100 0 0 20100 19900 
-969.091 969.091 -830.909 830.909 18200 21800 
100 -100 0 0 20100 19900 
-100 100 0 0 19900 20100 
-256.667 256.667 -1543.33 1543.33 18200 21800 
-234.545 234.545 -165.455 165.455 19600 20400 
270.707 -270.707 -70.7071 70.7071 20200 19800 
158.081 -158.081 41.9192 -41.9192 20200 19800 
100 -100 100 -100 20200 19800 
100.404 -100.404 2599.6 -2599.6 22700 17300 
100 -100 0 0 20100 19900 
143.939 -143.939 56.0606 -56.0606 20200 19800 
-143.434 143.434 -56.5657 56.5657 19800 20200 
100 -100 0 0 20100 19900 
118.182 -118.182 781.818 -781.818 20900 19100 
100 -100 0 0 20100 19900 
-265.859 265.859 -334.141 334.141 19400 20600 
100 -100 0 0 20100 19900 
-100 100 -200 200 19700 20300 
100 -100 200 -200 20300 19700 
100 -100 0 0 20100 19900 
-279.192 279.192 -1520.81 1520.81 18200 21800 
100 -100 0 0 20100 19900 
-100 100 0 0 19900 20100 
-100 100 0 0 19900 20100 
-142.727 142.727 -57.2727 57.2727 19800 20200 
253.434 -253.434 346.566 -346.566 20600 19400 
100 -100 0 0 20100 19900 
107.374 -107.374 1692.63 -1692.63 21800 18200 
-184.848 184.848 -1615.15 1615.15 18200 21800 
100 -100 0 0 20100 19900 
-127.172 127.172 -472.828 472.828 19400 20600 
-268.687 268.687 -1531.31 1531.31 18200 21800 
-100 100 0 0 19900 20100 
100 -100 0 0 20100 19900 
-100 100 -200 200 19700 20300 
100 -100 0 0 20100 19900 
243.838 -243.838 -43.8384 43.8384 20200 19800 
-143.939 143.939 -1656.06 1656.06 18200 21800 
-16.8687 16.8687 16.8687 -16.8687 20000 20000 
-181.818 181.818 -18.1818 18.1818 19800 20200 
100 -100 0 0 20100 19900 
-4.54545 4.54545 4.54545 -4.54545 20000 20000 
-100 100 0 0 19900 20100 
-523.737 523.737 -1276.26 1276.26 18200 21800 
100 -100 0 0 20100 19900 
100 -100 100 -100 20200 19800 
100 -100 0 0 20100 19900 
100 -100 100 -100 20200 19800 
-100 100 0 0 19900 20100 
100 -100 0 0 20100 19900 
-598.384 598.384 -2101.62 2101.62 17300 22700 
100 -100 0 0 20100 19900 
-131.111 131.111 -468.889 468.889 19400 20600 
100 -100 0 0 20100 19900 
100 -100 0 0 20100 19900 
-100 100 0 0 19900 20100 
-100 100 -200 200 19700 20300 
146.667 -146.667 53.3333 -53.3333 20200 19800 
100 -100 0 0 20100 19900 
159.091 -159.091 40.9091 -40.9091 20200 19800 
-180 180 -20 20 19800 20200 
100 -100 0 0 20100 19900 
-274.141 274.141 -1525.86 1525.86 18200 21800 
-100 100 0 0 19900 20100 
100 -100 100 -100 20200 19800 
100 -100 200 -200 20300 19700 
100 -100 0 0 20100 19900 
100 -100 0 0 20100 19900 
100 -100 0 0 20100 19900 
-158.283 158.283 -441.717 441.717 19400 20600 
-100 100 0 0 19900 20100 
-100 100 -100 100 19800 20200 
-113.636 113.636 -486.364 486.364 19400 20600 
-247.879 247.879 -352.121 352.121 19400 20600 
-249.293 249.293 -350.707 350.707 19400 20600 
100 -100 200 -200 20300 19700 
-129.697 129.697 -470.303 470.303 19400 20600 
-256.263 256.263 -1543.74 1543.74 18200 21800 
123.232 -123.232 1676.77 -1676.77 21800 18200 
100 -100 0 0 20100 19900 
-136.768 136.768 -263.232 263.232 19600 20400 
-100 100 -100 100 19800 20200 
-134.343 134.343 -2565.66 2565.66 17300 22700 
-100 100 -500 500 19400 20600 
-100 100 0 0 19900 20100 
-983.03 983.03 -816.97 816.97 18200 21800 
100 -100 0 0 20100 19900 
100 -100 0 0 20100 19900 
100 -100 0 0 20100 19900 
-271.515 271.515 -1528.48 1528.48 18200 21800 
-100 100 -200 200 19700 20300 
100 -100 0 0 20100 19900 
-100 100 -200 200 19700 20300 
-171.212 171.212 -428.788 428.788 19400 20600 
-304.646 304.646 -2395.35 2395.35 17300 22700 
251.414 -251.414 -51.4141 51.4141 20200 19800 
100 -100 0 0 20100 19900 
-100 100 0 0 19900 20100 
100 -100 0 0 20100 19900 
-144.444 144.444 -55.5556 55.5556 19800 20200 
-100 100 -200 200 19700 20300 
845.758 -845.758 954.242 -954.242 21800 18200 
100 -100 0 0 20100 19900 
100 -100 0 0 20100 19900 
100 -100 0 0 20100 19900 
152.929 -152.929 47.0707 -47.0707 20200 19800 
100 -100 0 0 20100 19900 
-6.21725e-15 6.21725e-15 0 0 20000 20000 
-100 100 -100 100 19800 20200 
100 -100 0 0 20100 19900 
-222.626 222.626 -2477.37 2477.37 17300 22700 
-100 100 -200 200 19700 20300 
261.717 -261.717 138.283 -138.283 20400 19600 
-100 100 0 0 19900 20100 
126.465 -126.465 73.5354 -73.5354 20200 19800 
100 -100 100 -100 20200 19800 
-100 100 0 0 19900 20100 
163.636 -163.636 1036.36 -1036.36 21200 18800 
100 -100 0 0 20100 19900 
120.808 -120.808 479.192 -479.192 20600 19400 
100 -100 200 -200 20300 19700 
-132.424 132.424 -67.5758 67.5758 19800 20200 
1349.29 -1349.29 1350.71 -1350.71 22700 17300 
100 -85 0 -15 20100 19900 
-100 100 -200 200 19700 20300 
-158.889 158.889 -441.111 441.111 19400 20600 
-95 100 -205 200 19700 20300 
100 -100 200 -200 20300 19700 
100 -100 0 0 20100 19900 
112.929 -112.929 87.0707 -87.0707 20200 19800 
-109.293 109.293 -90.7071 90.7071 19800 20200 
-114.747 114.747 -485.253 485.253 19400 20600 
-121.01 121.01 -478.99 478.99 19400 20600 
100 -100 0 0 20100 19900 
100 -100 0 0 20100 19900 
100 -100 0 0 20100 19900 
-100 100 -200 200 19700 20300 
-100 100 0 0 19900 20100 
-117.576 117.576 -82.4242 82.4242 19800 20200 
-120 120 -80 80 19800 20200 
-157.879 157.879 -42.1212 42.1212 19800 20200 
-101.818 101.818 -2598.18 2598.18 17300 22700 
-136.364 136.364 -763.636 763.636 19100 20900 
-218.788 218.788 -381.212 381.212 19400 20600 
-136.566 136.566 -263.434 263.434 19600 20400 
100 -100 0 0 20100 19900 
143.939 -143.939 56.0606 -56.0606 20200 19800 
-167.879 167.879 -432.121 432.121 19400 20600 
-158.081 158.081 -441.919 441.919 19400 20600 
100 -100 0 0 20100 19900 
-100 100 -200 200 19700 20300 
-152.323 152.323 -47.6768 47.6768 19800 20200 
100 -100 0 0 20100 19900 
0 0 0 0 20000 20000 
-100 100 -100 100 19800 20200 
100 -100 0 0 20100 19900 
144.04 -144.04 55.9596 -55.9596 20200 19800 
-140.909 140.909 -459.091 459.091 19400 20600 
100 -100 0 0 20100 19900 
100 -100 0 0 20100 19900 
-100 100 -100 100 19800 20200 
191.111 -191.111 1608.89 -1608.89 21800 18200 
100 -100 100 -100 20200 19800 
100 -100 0 0 20100 19900 
107.98 -107.98 92.0202 -92.0202 20200 19800 
-100 100 0 0 19900 20100 
-100 100 -200 200 19700 20300 
106.566 -106.566 93.4343 -93.4343 20200 19800 
100 -100 0 0 20100 19900 
100 -100 0 0 20100 19900 
153.737 -153.737 246.263 -246.263 20400 19600 
-179.192 179.192 -20.8081 20.8081 19800 20200 
0 1.42109e-14 0 0 20000 20000 
-100 100 -200 200 19700 20300 
-312.929 312.929 -1487.07 1487.07 18200 21800 
-200.202 200.202 -2499.8 2499.8 17300 22700 
-100 100 0 0 19900 20100 
-100 100 -800 800 19100 20900 
394.4 -394.4 -94.4 94.4 20300 19700 
100 -100 0 0 20100 19900 
-112.727 112.727 -87.2727 87.2727 19800 20200 
-100 100 -200 200 19700 20300 
-371.515 371.515 -2328.48 2328.48 17300 22700 
100 -100 0 0 20100 19900 
-139.394 139.394 -460.606 460.606 19400 20600 
-112.121 112.121 -87.8788 87.8788 19800 20200 
148.687 -148.687 451.313 -451.313 20600 19400 
-155.758 155.758 -44.2424 44.2424 19800 20200 
100 -100 0 0 20100 19900 
100 -100 0 0 20100 19900 
-149.697 149.697 -50.303 50.303 19800 20200 
100 -100 0 0 20100 19900 
-505.657 505.657 -1294.34 1294.34 18200 21800 
100 -100 100 -100 20200 19800 
103.232 -103.232 296.768 -296.768 20400 19600 
-470.202 470.202 -2229.8 2229.8 17300 22700 
-100 100 0 0 19900 20100 
-100 100 -100 100 19800 20200 
-162.323 162.323 -237.677 237.677 19600 20400 
-100 100 0 0 19900 20100 
135.354 -135.354 264.646 -264.646 20400 19600 
-100 100 -200 200 19700 20300 
100 -100 0 0 20100 19900 
-105.253 105.253 -494.747 494.747 19400 20600 
-1.77636e-15 1.77636e-15 0 0 20000 20000 
271.515 -271.515 -71.5152 71.5152 20200 19800 
-153.838 153.838 -1646.16 1646.16 18200 21800 
100 -100 0 0 20100 19900 
-143.03 143.03 -456.97 456.97 19400 20600 
-100 100 0 0 19900 20100 
144.848 -144.848 55.1515 -55.1515 20200 19800 
100 -100 0 0 20100 19900 
100 -100 0 0 20100 19900 
100 -100 0 0 20100 19900 
-100 100 0 0 19900 20100 
100 -100 0 0 20100 19900 
-100 100 -200 200 19700 20300 
-100 100 -100 100 19800 20200 
-100 100 -200 200 19700 20300 
-175.758 175.758 -424.242 424.242 19400 20600 
-100 100 0 0 19900 20100 
-135.152 135.152 -64.8485 64.8485 19800 20200 
-100 100 -200 200 19700 20300 
100 -100 0 0 20100 19900 
100 -100 0 0 20100 19900 
-100 100 0 0 19900 20100 
-100 100 -200 200 19700 20300 
-347.273 347.273 -1452.73 1452.73 18200 21800 
-100 100 0 0 19900 20100 
100 -100 0 0 20100 19900 
-100 100 0 0 19900 20100 
100 -61.3 0 -38.7 20100 19900 
-260.808 260.808 -1539.19 1539.19 18200 21800 
142.727 -142.727 57.2727 -57.2727 20200 19800 
5.32907e-15 -5.32907e-15 0 0 20000 20000 
-6.66667 6.66667 6.66667 -6.66667 20000 20000 
100 -100 0 0 20100 19900 
100 -100 0 0 20100 19900 
100 -100 0 0 20100 19900 
-100 100 0 0 19900 20100 
-263.232 263.232 -336.768 336.768 19400 20600 
100 -100 0 0 20100 19900 
-100 100 -200 200 19700 20300 
100 -100 0 0 20100 19900 
-136.162 136.162 -63.8384 63.8384 19800 20200 
-100 100 0 0 19900 20100 
-157.374 157.374 -442.626 442.626 19400 20600 
100 -100 0 0 20100 19900 
101.616 -101.616 2598.38 -2598.38 22700 17300 
-100 100 0 0 19900 20100 
128.182 -128.182 71.8182 -71.8182 20200 19800 
248.485 -248.485 151.515 -151.515 20400 19600 
100 -100 0 0 20100 19900 
100 -100 0 0 20100 19900 
-100 100 0 0 19900 20100 
100 -100 0 0 20100 19900 
-100 100 0 0 19900 20100 
7.10543e-15 -7.10543e-15 0 0 20000 20000 
-105.556 105.556 -94.4444 94.4444 19800 20200 
100 -100 500 -500 20600 19400 
-149.293 149.293 -450.707 450.707 19400 20600 
100 -100 0 0 20100 19900 
134.242 -134.242 65.7576 -65.7576 20200 19800 
-100 100 -200 200 19700 20300 
-100 100 -800 800 19100 20900 
175.758 -175.758 24.2424 -24.2424 20200 19800 
100 -100 0 0 20100 19900 
100 -100 200 -200 20300 19700 
-100 100 -200 200 19700 20300 
-111.313 111.313 -2588.69 2588.69 17300 22700 
-100 100 0 0 19900 20100 
-100 100 0 0 19900 20100 
100 -100 0 0 20100 19900 
0 0 0 0 20000 20000 
250.101 -250.101 -50.101 50.101 20200 19800 
100 -100 200 -200 20300 19700 
3.7 0 -3.7 0 20000 20000 
100 -74.1 0 -25.9 20100 19900 
-103.03 103.03 -496.97 496.97 19400 20600 
100 -100 200 -200 20300 19700 
-161.01 161.01 -438.99 438.99 19400 20600 
-236.768 236.768 -2463.23 2463.23 17300 22700 
100 -100 0 0 20100 19900 
-153.232 153.232 -446.768 446.768 19400 20600 
-970.505 970.505 -829.495 829.495 18200 21800 
-118.182 118.182 -781.818 781.818 19100 20900 
-100 100 0 0 19900 20100 
141.616 -141.616 58.3838 -58.3838 20200 19800 
100.606 -100.606 99.3939 -99.3939 20200 19800 
-100 100 0 0 19900 20100 
-315.96 315.96 -2384.04 2384.04 17300 22700 
100 -100 0 0 20100 19900 
-141.818 141.818 -58.1818 58.1818 19800 20200 
-100 100 0 0 19900 20100 
-100 100 0 0 19900 20100 
101.313 -101.313 298.687 -298.687 20400 19600 
100 -100 0 0 20100 19900 
140 -140 60 -60 20200 19800 
-100 100 -200 200 19700 20300 
-100 100 -100 100 19800 20200 
100 -100 0 0 20100 19900 
100 -100 0 0 20100 19900 
-100 100 0 0 19900 20100 
-100 100 0 0 19900 20100 
187.273 -187.273 2512.73 -2512.73 22700 17300 
-145.051 145.051 -54.9495 54.9495 19800 20200 
-100 100 -200 200 19700 20300 
-100 100 -200 200 19700 20300 
100 -100 0 0 20100 19900 
275.96 -275.96 -75.9596 75.9596 20200 19800 
-100 100 -100 100 19800 20200 
-100 100 -200 200 19700 20300 
100 -100 200 -200 20300 19700 
100 -100 0 0 20100 19900 
285.253 -285.253 -85.2525 85.2525 20200 19800 
-133.737 133.737 -66.2626 66.2626 19800 20200 
-505.582 505.582 -1294.42 1294.42 18200 21800 
-100 100 -200 200 19700 20300 
-101.818 101.818 -798.182 798.182 19100 20900 
101.313 -101.313 98.6869 -98.6869 20200 19800 
-5.32907e-15 5.32907e-15 0 0 20000 20000 
100 -100 100 -100 20200 19800 
198.182 -198.182 401.818 -401.818 20600 19400 
-153.232 153.232 -46.7677 46.7677 19800 20200 
-100 100 -100 100 19800 20200 
100 -100 200 -200 20300 19700 
100 -100 0 0 20100 19900 
-134.444 134.444 -65.5556 65.5556 19800 20200 
-100 100 -100 100 19800 20200 
106.667 -83.0667 93.3333 -116.933 20200 19800 
-126.061 126.061 -73.9394 73.9394 19800 20200 
-56.7677 81.7677 56.7677 -81.7677 20000 20000 
-462.614 481.414 -2237.39 2218.59 17300 22700 
254.343 -254.343 -54.3434 54.3434 20200 19800 
100 -100 0 0 20100 19900 
-100 100 0 0 19900 20100 
-109.495 109.495 -90.5051 90.5051 19800 20200 
-100 100 -200 200 19700 20300 
-149.293 149.293 -50.7071 50.7071 19800 20200 
0 0 0 0 20000 20000 
246.768 -246.768 -46.7677 46.7677 20200 19800 
100 -100 0 0 20100 19900 
3.55271e-15 -3.55271e-15 0 0 20000 20000 
-293.131 293.131 -1506.87 1506.87 18200 21800 
-143.939 143.939 -56.0606 56.0606 19800 20200 
422.828 -422.828 477.172 -477.172 20900 19100 
-100 100 -200 200 19700 20300 
100 -100 0 0 20100 19900 
-509.352 509.352 -1290.65 1290.65 18200 21800 
100 -100 0 0 20100 19900 
-117.576 117.576 -282.424 282.424 19600 20400 
100 -100 0 0 20100 19900 
264.444 -264.444 -64.4444 64.4444 20200 19800 
-317.374 317.374 -2382.63 2382.63 17300 22700 
-100 100 -100 100 19800 20200 
-100 100 -100 100 19800 20200 
-100 100 -100 100 19800 20200 
100 -100 0 0 20100 19900 
-320.202 320.202 -1479.8 1479.8 18200 21800 
-149.293 149.293 -50.7071 50.7071 19800 20200 
-191.717 191.717 -8.28283 8.28283 19800 20200 
-100 100 -200 200 19700 20300 
191.313 -191.313 8.68687 -8.68687 20200 19800 
100 -100 0 0 20100 19900 
100 -100 0 0 20100 19900 
-100 100 0 0 19900 20100 
213.03 -213.03 -13.0303 13.0303 20200 19800 
100 -100 0 0 20100 19900 
-95.4 100 -204.6 200 19700 20300 
100 -100 0 0 20100 19900 
-100 100 0 0 19900 20100 
-114.343 114.343 -485.657 485.657 19400 20600 
276.667 -276.667 1523.33 -1523.33 21800 18200 
100 -100 0 0 20100 19900 
-166.364 166.364 -433.636 433.636 19400 20600 
100 -77.6 0 -22.4 20100 19900 
100 -100 100 -100 20200 19800 
-114.545 114.545 -2585.45 2585.45 17300 22700 
-107.071 107.071 -92.9293 92.9293 19800 20200 
-256.263 256.263 256.263 -256.263 20000 20000 
100 -100 200 -200 20300 19700 
273.131 -273.131 -73.1313 73.1313 20200 19800 
-1028.09 1028.09 -4371.91 4371.91 14600 25400 
196.768 -196.768 3.23232 -3.23232 20200 19800 
-277.778 277.778 -1522.22 1522.22 18200 21800 
-217.98 217.98 -2482.02 2482.02 17300 22700 
-100 100 -100 100 19800 20200 
928.889 -928.889 871.111 -871.111 21800 18200 
100 -100 100 -100 20200 19800 
100 -100 0 0 20100 19900 
8.88178e-16 -8.88178e-16 0 0 20000 20000 
138.586 -138.586 461.414 -461.414 20600 19400 
-100 100 -200 200 19700 20300 
-100 100 0 0 19900 20100 
-100 100 0 0 19900 20100 
-100 100 0 0 19900 20100 
283.636 -283.636 -83.6364 83.6364 20200 19800 
-1.77636e-15 1.77636e-15 0 0 20000 20000 
-350.808 350.808 -1449.19 1449.19 18200 21800 
-130.909 130.909 -69.0909 69.0909 19800 20200 
-150 150 -50 50 19800 20200 
-100 100 -800 800 19100 20900 
100 -100 0 0 20100 19900 
-153.838 153.838 -446.162 446.162 19400 20600 
-100 100 -200 200 19700 20300 
127.879 -127.879 72.1212 -72.1212 20200 19800 
-135.354 135.354 -464.646 464.646 19400 20600 
-128.687 128.687 -271.313 271.313 19600 20400 
-100 100 0 0 19900 20100 
-106.667 106.667 -93.3333 93.3333 19800 20200 
100 -100 100 -100 20200 19800 
100 -100 0 0 20100 19900 
-100 100 0 0 19900 20100 
100 -100 0 0 20100 19900 
-107.879 107.879 -792.121 792.121 19100 20900 
100 -100 0 0 20100 19900 
-100 100 -800 800 19100 20900 
4.54545 -4.54545 -4.54545 4.54545 20000 20000 
-245.253 245.253 -2454.75 2454.75 17300 22700 
100 -100 0 0 20100 19900 
140.404 -140.404 259.596 -259.596 20400 19600 
100 -100 0 0 20100 19900 
-263.333 263.333 -1536.67 1536.67 18200 21800 
100 -100 0 0 20100 19900 
-100 100 -100 100 19800 20200 
-100 100 -200 200 19700 20300 
100 -100 0 0 20100 19900 
100 -100 0 0 20100 19900 
-139.394 139.394 -460.606 460.606 19400 20600 
-174.242 174.242 -1025.76 1025.76 18800 21200 
100 -100 0 0 20100 19900 
100 -100 0 0 20100 19900 
-104.04 104.04 -2595.96 2595.96 17300 22700 
1.42109e-14 0 0 0 20000 20000 
-100 100 0 0 19900 20100 
268.889 -268.889 131.111 -131.111 20400 19600 
100 -100 100 -100 20200 19800 
-100 100 0 0 19900 20100 
100 -100 0 0 20100 19900 
100 -100 0 0 20100 19900 
-136.263 136.263 -63.7374 63.7374 19800 20200 
-100 100 -200 200 19700 20300 
100 -100 0 0 20100 19900 
100 -100 100 -100 20200 19800 
-112.121 112.121 -787.879 787.879 19100 20900 
-334.141 334.141 -2365.86 2365.86 17300 22700 
-157.374 157.374 -1642.63 1642.63 18200 21800 
100 -100 0 0 20100 19900 
-100 100 0 0 19900 20100 
135.051 -135.051 64.9495 -64.9495 20200 19800 
100 -100 0 0 20100 19900 
100 -79.7 0 -20.3 20100 19900 
100 -100 0 0 20100 19900 
100.606 -100.606 99.3939 -99.3939 20200 19800 
-100 100 -200 200 19700 20300 
1.42109e-14 0 0 0 20000 20000 
-131.919 131.919 -68.0808 68.0808 19800 20200 
-100 100 0 0 19900 20100 
-91.1737 107.374 -1708.83 1692.63 18200 21800 
352.669 -352.669 1147.33 -1147.33 21500 18500 
100 -100 0 0 20100 19900 
-100 100 -200 200 19700 20300 
100 -100 0 0 20100 19900 
125.354 -125.354 474.646 -474.646 20600 19400 
100 -100 0 0 20100 19900 
-107.98 107.98 -92.0202 92.0202 19800 20200 
-438.586 438.586 -2261.41 2261.41 17300 22700 
-106.465 106.465 -2593.54 2593.54 17300 22700 
-190.101 190.101 -2509.9 2509.9 17300 22700 
-100 100 0 0 19900 20100 
-130.101 130.101 -69.899 69.899 19800 20200 
271.313 -271.313 -71.3131 71.3131 20200 19800 
-150.707 150.707 -1649.29 1649.29 18200 21800 
113.636 -111.536 786.364 -788.464 20900 19100 
-100 100 -800 800 19100 20900 
-100 100 -100 100 19800 20200 
101.515 -101.515 98.4848 -98.4848 20200 19800 
100 -100 0 0 20100 19900 
103.838 -103.838 96.1616 -96.1616 20200 19800 
-100 100 -200 200 19700 20300 
100 -100 0 0 20100 19900 
100 -100 0 0 20100 19900 
-100 100 -200 200 19700 20300 
100 -100 0 0 20100 19900 
100 -100 0 0 20100 19900 
-100 100 0 0 19900 20100 
-100 100 -200 200 19700 20300 
-289.495 289.495 -1510.51 1510.51 18200 21800 
-118.182 118.182 -781.818 781.818 19100 20900 
-198.99 198.99 -401.01 401.01 19400 20600 
-100 100 0 0 19900 20100 
-262.222 262.222 -337.778 337.778 19400 20600 
1630.1 -1630.1 1069.9 -1069.9 22700 17300 
100 -100 0 0 20100 19900 
-155.96 155.96 -44.0404 44.0404 19800 20200 
0 0 0 0 20000 20000 
-100 100 0 0 19900 20100 
100 -100 0 0 20100 19900 
-469.495 469.495 -1330.51 1330.51 18200 21800 
-176.162 176.162 -23.8384 23.8384 19800 20200 
-100 100 -200 200 19700 20300 
100 -100 200 -200 20300 19700 
-166.263 166.263 -233.737 233.737 19600 20400 
-100 100 -200 200 19700 20300 
273.321 -272.121 326.679 -327.879 20600 19400 
-145.051 145.051 -454.949 454.949 19400 20600 
-187.273 187.273 -212.727 212.727 19600 20400 
-100 100 0 0 19900 20100 
-100 100 0 0 19900 20100 
-100 100 0 0 19900 20100 
100 -100 0 0 20100 19900 
-233.131 233.131 -2466.87 2466.87 17300 22700 
55.8586 -55.8586 -55.8586 55.8586 20000 20000 
100 -100 0 0 20100 19900 
-177.98 177.98 -1622.02 1622.02 18200 21800 
-582.424 597.224 -2117.58 2102.78 17300 22700 
812.323 -812.323 987.677 -987.677 21800 18200 
152.121 -152.121 447.879 -447.879 20600 19400 
7.10543e-15 -7.10543e-15 0 0 20000 20000 
-100 100 -200 200 19700 20300 
190.101 -190.101 2509.9 -2509.9 22700 17300 
149.293 -149.293 50.7071 -50.7071 20200 19800 
100 -100 0 0 20100 19900 
-456.97 456.97 -2243.03 2243.03 17300 22700 