100 -100 0 0 20100 19900 
-49.5 49.5 -50.5 50.5 19900 20100 
100 -100 0 0 20100 19900 
-100 100 0 0 19900 20100 
52.8788 -52.8788 247.121 -247.121 20300 19700 
181.01 -180.91 2218.99 -2219.09 22400 17600 
100 -100 0 0 20100 19900 
-27.2727 27.2727 -72.7273 72.7273 19900 20100 
100 -100 1400 -1400 21500 18500 
-100 100 -200 200 19700 20300 
108.283 -108.283 2591.72 -2591.72 22700 17300 
-11650.7 11650.7 3961.72 -3961.72 12311 27689 
100 -100 0 0 20100 19900 
-88.4848 88.4848 -11.5152 11.5152 19900 20100 
-247.424 247.424 -202.576 202.576 19550 20450 
342.222 -342.222 -1842.22 1842.22 18500 21500 
-170.404 170.404 -29.596 29.596 19800 20200 
66.2626 -64.6626 33.7374 -35.3374 20100 19900 
-101.818 101.818 -5898.18 5898.18 14000 26000 
100 -100 -200 200 19900 20100 
-654.343 654.343 2154.34 -2154.34 21500 18500 
-94.5455 94.5455 -5.45455 5.45455 19900 20100 
-644.646 644.646 -2055.35 2055.35 17300 22700 
100 -100 0 0 20100 19900 
-100 100 0 0 19900 20100 
7.77778 -7.77778 -7.77778 7.77778 20000 20000 
75 -75 25 -25 20100 19900 
-123.636 123.636 -476.364 476.364 19400 20600 
-100 100 -100 100 19800 20200 
1132.87 -1132.87 1903.13 -1903.13 23036 16964 
83.9394 -83.9394 16.0606 -16.0606 20100 19900 
161.515 -161.515 1188.48 -1188.48 21350 18650 
-117.367 117.367 1636.37 -1636.37 21519 18481 
166.818 -166.818 12433.2 -12433.2 32600 7400 
-71.1111 71.1111 -28.8889 28.8889 19900 20100 
100 -100 0 0 20100 19900 
498.384 -498.384 401.616 -401.616 20900 19100 
-100 100 0 0 19900 20100 
137.172 -137.172 462.828 -462.828 20600 19400 
-46.5 46.5 -53.5 53.5 19900 20100 
-100 100 0 0 19900 20100 
361.01 -361.01 1438.99 -1438.99 21800 18200 
-145.455 145.455 -154.545 154.545 19700 20300 
100 -100 0 0 20100 19900 
107.475 -107.475 792.525 -792.525 20900 19100 
100 -100 100 -100 20200 19800 
-100 100 0 0 19900 20100 
-50.101 50.101 -49.899 49.899 19900 20100 
537.255 -537.255 1712.75 -1712.75 22250 17750 
-100 100 -1000 1000 18900 21100 
-701.288 718.788 9201.29 -9218.79 28500 11500 
190.909 -172.909 6109.09 -6127.09 26300 13700 
85.1515 -85.1515 14.8485 -14.8485 20100 19900 
-80.9 80.9 -19.1 19.1 19900 20100 
-103.434 103.434 -7396.57 7396.57 12500 27500 
118.182 -118.182 781.818 -781.818 20900 19100 
-495.2 495.2 1507.2 -1507.2 21012 18988 
-127.273 127.273 -172.727 172.727 19700 20300 
-100 100 0 0 19900 20100 
69.2929 -69.2929 30.7071 -30.7071 20100 19900 
100 -100 200 -200 20300 19700 
462.071 -462.071 3587.93 -3587.93 24050 15950 
-100 100 -200 200 19700 20300 
-100 100 0 0 19900 20100 
-45.2525 45.2525 -54.7475 54.7475 19900 20100 
418.182 -418.182 -718.182 718.182 19700 20300 
204.646 -204.646 95.3535 -95.3535 20300 19700 
-127.273 127.273 -172.727 172.727 19700 20300 
-574.444 574.444 -775.556 775.556 18650 21350 
0 0 0 0 20000 20000 
100 -100 0 0 20100 19900 
4461.76 -4461.76 -12150.8 12150.8 12311 27689 
111.717 -111.717 4388.28 -4388.28 24500 15500 
-100 100 0 0 19900 20100 
-136.364 136.364 -163.636 163.636 19700 20300 
94.9495 -94.9495 205.051 -205.051 20300 19700 
-273.232 273.232 -176.768 176.768 19550 20450 
-237.778 237.778 -362.222 362.222 19400 20600 
-2541.62 2541.62 14741.6 -14741.6 32200 7800 
55.7576 -55.7576 44.2424 -44.2424 20100 19900 
100 -100 0 0 20100 19900 
-100 100 0 0 19900 20100 
-108.788 108.788 3508.79 -3508.79 23400 16600 
7.10543e-15 -7.10543e-15 0 0 20000 20000 
100 -100 200 -200 20300 19700 
100 -79.1 200 -220.9 20300 19700 
100 -100 0 0 20100 19900 
-42.2 42.2 -57.8 57.8 19900 20100 
-794.242 794.242 1394.24 -1394.24 20600 19400 
1065.56 -1052.56 -13265.6 13252.6 7800 32200 
-100 100 0 0 19900 20100 
-42.9293 42.9293 -57.0707 57.0707 19900 20100 
741.414 -741.414 758.586 -758.586 21500 18500 
77.2727 -77.2727 22.7273 -22.7273 20100 19900 
-98.4 100 -1.6 0 19900 20100 
-566.4 566.4 -6267.6 6267.6 13166 26834 
-93.7374 93.7374 -6.26263 6.26263 19900 20100 
50.7071 -50.7071 49.2929 -49.2929 20100 19900 
1501.39 -1501.39 7612.61 -7612.61 29114 10886 
100 -100 0 0 20100 19900 
-32.7273 32.7273 -67.2727 67.2727 19900 20100 
-100 100 -100 100 19800 20200 
100 -100 200 -200 20300 19700 
73.1313 -73.1313 26.8687 -26.8687 20100 19900 
-100 100 0 0 19900 20100 
-76.3636 76.3636 -23.6364 23.6364 19900 20100 
4.44444 -4.44444 -104.444 104.444 19900 20100 
-69.0909 69.0909 -30.9091 30.9091 19900 20100 
-100 100 0 0 19900 20100 
54.1414 -54.1414 45.8586 -45.8586 20100 19900 
-195.758 195.758 -704.242 704.242 19100 20900 
102.121 -66.0212 -1302.12 1266.02 18800 21200 
-219.973 227.273 -1280.03 1272.73 18500 21500 
363.434 -363.434 1436.57 -1436.57 21800 18200 
-200.404 200.404 -699.596 699.596 19100 20900 
-900.606 900.606 -5699.39 5699.39 13400 26600 
-54.5455 54.5455 154.545 -154.545 20100 19900 
-100 100 -200 200 19700 20300 
228.182 -228.182 1571.82 -1571.82 21800 18200 
100 -100 200 -200 20300 19700 
-41.3131 41.3131 -58.6869 58.6869 19900 20100 
-40.8081 40.8081 -59.1919 59.1919 19900 20100 
93.7374 -93.7374 6.26263 -6.26263 20100 19900 
59.0909 -59.0909 40.9091 -40.9091 20100 19900 
-69.3939 69.3939 169.394 -169.394 20100 19900 
47.6768 -47.6768 52.3232 -52.3232 20100 19900 
-100 100 -200 200 19700 20300 
54.1414 -54.1414 45.8586 -45.8586 20100 19900 
46.3 -46.3 53.7 -53.7 20100 19900 
-267.879 267.879 -2132.12 2132.12 17600 22400 
100 -100 10400 -10400 30500 9500 
-100 100 -800 800 19100 20900 
100 -100 300 -300 20400 19600 
-674.141 674.141 -2625.86 2625.86 16700 23300 
8293.9 -8293.9 7084.1 -7084.1 35378 4622 
53.1313 -53.1313 146.869 -146.869 20200 19800 
-9.39394 9.39394 409.394 -409.394 20400 19600 
-54.5455 54.5455 154.545 -154.545 20100 19900 
-24.4444 24.4444 -75.5556 75.5556 19900 20100 
26.2 -26.2 73.8 -73.8 20100 19900 
107.475 -107.475 2592.53 -2592.53 22700 17300 
100 -100 0 0 20100 19900 
-1480.41 1480.41 -8770.59 8770.59 9749 30251 
-100 100 0 0 19900 20100 
100 -100 0 0 20100 19900 
463.535 -463.535 3586.46 -3586.46 24050 15950 
-100 100 -200 200 19700 20300 
100 -100 200 -200 20300 19700 
603.03 -603.03 896.97 -896.97 21500 18500 
218.384 -218.384 2181.62 -2181.62 22400 17600 
61.8182 -61.8182 38.1818 -38.1818 20100 19900 
100 -100 0 0 20100 19900 
-100 100 0 0 19900 20100 
36.3636 -36.3636 63.6364 -63.6364 20100 19900 
-45.6566 45.6566 -54.3434 54.3434 19900 20100 
45.1 -45.1 54.9 -54.9 20100 19900 
50 -50 50 -50 20100 19900 
-100 100 -200 200 19700 20300 
34.1414 -34.1414 65.8586 -65.8586 20100 19900 
-100 100 0 0 19900 20100 
310.707 -310.707 1039.29 -1039.29 21350 18650 
-86.3636 86.3636 186.364 -186.364 20100 19900 
-60.6061 60.6061 -39.3939 39.3939 19900 20100 
-91.3131 91.3131 -8.68687 8.68687 19900 20100 
-681.818 681.818 6981.82 -6981.82 26300 13700 
52.5253 -52.5253 47.4747 -47.4747 20100 19900 
2326.21 -2301.11 -807.209 782.109 21519 18481 
100 -100 0 0 20100 19900 
-36.4 36.4 -63.6 63.6 19900 20100 
241.01 -241.01 -841.01 841.01 19400 20600 
9728.06 -9728.06 -2039.06 2039.06 27689 12311 
-100 100 -100 100 19800 20200 
136.364 -136.364 763.636 -763.636 20900 19100 
88.2828 -88.2828 11.7172 -11.7172 20100 19900 
238.788 -238.788 361.212 -361.212 20600 19400 
100 -100 0 0 20100 19900 
-100 100 -200 200 19700 20300 
-3624.4 3624.4 1346.4 -1346.4 17722 22278 
-100 100 -200 200 19700 20300 
96.1616 -96.1616 3.83838 -3.83838 20100 19900 
92.1212 -92.1212 7.87879 -7.87879 20100 19900 
-129.697 129.697 -470.303 470.303 19400 20600 
100 -100 200 -200 20300 19700 
-100 100 0 0 19900 20100 
113.636 -113.636 186.364 -186.364 20300 19700 
65.9091 -65.9091 34.0909 -34.0909 20100 19900 
54.5455 -54.5455 45.4545 -45.4545 20100 19900 
164.04 -144.34 -1064.04 1044.34 19100 20900 
-946.97 946.97 -853.03 853.03 18200 21800 
100 -100 0 0 20100 19900 
-3.23232 3.23232 103.232 -103.232 20100 19900 
212.525 -212.525 -412.525 412.525 19800 20200 
-50.8081 50.8081 1450.81 -1450.81 21400 18600 
-100 100 0 0 19900 20100 
100 -100 0 0 20100 19900 
-321.503 321.503 321.503 -321.503 20000 20000 
68.8889 -68.8889 31.1111 -31.1111 20100 19900 
100 -100 0 0 20100 19900 
100 -100 0 0 20100 19900 
-100 100 0 0 19900 20100 
-87.2727 87.2727 -12.7273 12.7273 19900 20100 
5384.85 -5384.85 -22685.9 22685.9 2699 37301 
-45.6 45.6 -54.4 54.4 19900 20100 
-190.505 190.505 -709.495 709.495 19100 20900 
-84.0909 84.0909 -15.9091 15.9091 19900 20100 
-13143.4 13143.4 -2234.6 2234.6 4622 35378 
-149.293 149.293 -50.7071 50.7071 19800 20200 
-74.5455 74.5455 -25.4545 25.4545 19900 20100 
3209.43 -3209.43 4385.57 -4385.57 27595 12405 
-93.7374 93.7374 -6.26263 6.26263 19900 20100 
100 -100 200 -200 20300 19700 
961.212 -961.212 -1561.21 1561.21 19400 20600 
100 -100 0 0 20100 19900 
126.869 -126.869 73.1313 -73.1313 20200 19800 
86.0606 -86.0606 13.9394 -13.9394 20100 19900 
100 -77.6 2900 -2922.4 23000 17000 
-100 100 0 0 19900 20100 
26.6 -26.6 73.4 -73.4 20100 19900 
100 -100 0 0 20100 19900 
-44.2424 44.2424 -55.7576 55.7576 19900 20100 
-3.55271e-15 7.10543e-15 0 0 20000 20000 
-95.7576 95.7576 -204.242 204.242 19700 20300 
138.586 -138.586 161.414 -161.414 20300 19700 
-100 100 -300 300 19600 20400 
113.131 -113.131 2586.87 -2586.87 22700 17300 
-94.8485 94.8485 -5.15152 5.15152 19900 20100 
36.7677 -36.7677 63.2323 -63.2323 20100 19900 
272.879 -272.879 1077.12 -1077.12 21350 18650 
72.7273 -72.7273 27.2727 -27.2727 20100 19900 
100 -100 0 0 20100 19900 
34.6465 -34.6465 65.3535 -65.3535 20100 19900 
34.8 -34.8 65.2 -65.2 20100 19900 
67.4747 -67.4747 32.5253 -32.5253 20100 19900 
72.7273 -72.7273 27.2727 -27.2727 20100 19900 
-3.55271e-15 3.55271e-15 0 0 20000 20000 
63.0303 -63.0303 36.9697 -36.9697 20100 19900 
99.798 -99.798 0.20202 -0.20202 20100 19900 
-100 100 0 0 19900 20100 
-73.1313 73.1313 -26.8687 26.8687 19900 20100 
-100 100 0 0 19900 20100 
-100 100 0 0 19900 20100 
-44.6465 44.6465 -55.3535 55.3535 19900 20100 
-118.182 118.182 -181.818 181.818 19700 20300 
-84.7475 84.7475 -15.2525 15.2525 19900 20100 
-54.3434 54.3434 -45.6566 45.6566 19900 20100 
89.697 -89.697 10.303 -10.303 20100 19900 
-461.818 461.818 -12738.2 12738.2 6800 33200 
-75.3535 75.3535 -24.6465 24.6465 19900 20100 
119.192 -119.192 480.808 -480.808 20600 19400 
36.3636 -36.3636 63.6364 -63.6364 20100 19900 
7.10543e-15 -7.10543e-15 100 -100 20100 19900 
110.808 -110.808 -710.808 710.808 19400 20600 
-344.848 344.848 -2355.15 2355.15 17300 22700 
100 -100 -15200 15200 4900 35100 
100 -100 0 0 20100 19900 
100 -100 0 0 20100 19900 
127.677 -127.677 772.323 -772.323 20900 19100 
474.242 -474.242 -12474.2 12474.2 8000 32000 
657.576 -657.576 2042.42 -2042.42 22700 17300 
-111.919 111.919 -488.081 488.081 19400 20600 
-647.867 647.867 647.867 -647.867 20000 20000 
263.131 -263.131 936.869 -936.869 21200 18800 
-78.8374 93.7374 -21.1626 6.26263 19900 20100 
-1465.05 1465.05 -5134.95 5134.95 13400 26600 
186.364 -186.364 -186.364 186.364 20000 20000 
61.8182 -61.8182 38.1818 -38.1818 20100 19900 
100 -100 200 -200 20300 19700 
64.8485 -64.8485 -164.848 164.848 19900 20100 
-100 100 200 -200 20100 19900 
-83.2323 83.2323 -16.7677 16.7677 19900 20100 
-87.8788 87.8788 -12.1212 12.1212 19900 20100 
193.434 -193.434 -693.434 693.434 19500 20500 
100 -100 0 0 20100 19900 
101.515 -101.515 498.485 -498.485 20600 19400 
-57.9798 57.9798 -42.0202 42.0202 19900 20100 
-120 120 -480 480 19400 20600 
-132.929 132.929 632.929 -632.929 20500 19500 
154.545 -154.545 3145.45 -3145.45 23300 16700 
-3135.6 3135.6 -4553.4 4553.4 12311 27689 
-150.707 150.707 -449.293 449.293 19400 20600 
-166.97 166.97 -433.03 433.03 19400 20600 
-168.182 168.182 -131.818 131.818 19700 20300 
233.131 -233.131 2466.87 -2466.87 22700 17300 
-100 100 -200 200 19700 20300 
-136.364 136.364 -4963.64 4963.64 14900 25100 
-88.0808 88.0808 -11.9192 11.9192 19900 20100 
36.8687 -36.8687 63.1313 -63.1313 20100 19900 
-150.707 150.707 -1649.29 1649.29 18200 21800 
9.1 -9.1 90.9 -90.9 20100 19900 
63.6364 -63.6364 36.3636 -36.3636 20100 19900 
-49.0909 49.0909 149.091 -149.091 20100 19900 
-168.182 168.182 -731.818 731.818 19100 20900 
-84.8485 84.8485 -15.1515 15.1515 19900 20100 
79.596 -79.596 20.404 -20.404 20100 19900 
-433.081 433.081 2533.08 -2533.08 22100 17900 
85.0505 -85.0505 14.9495 -14.9495 20100 19900 
93.7374 -93.7374 6.26263 -6.26263 20100 19900 
-440.606 440.606 -2259.39 2259.39 17300 22700 
0 0 100 -100 20100 19900 
-38.2828 38.2828 -61.7172 61.7172 19900 20100 
265.354 -265.354 334.646 -334.646 20600 19400 
-100 100 0 0 19900 20100 
534.343 -534.343 3065.66 -3065.66 23600 16400 
-100 100 -200 200 19700 20300 
312.727 -312.727 2387.27 -2387.27 22700 17300 
15.8586 -15.8586 84.1414 -84.1414 20100 19900 
32.6 -32.6 67.4 -67.4 20100 19900 
-35.1 35.1 -64.9 64.9 19900 20100 
-100 100 -800 800 19100 20900 
-46.3636 46.3636 -53.6364 53.6364 19900 20100 
-100 100 200 -200 20100 19900 
41.8182 -41.8182 158.182 -158.182 20200 19800 
127.273 -127.273 772.727 -772.727 20900 19100 
-100 100 -100 100 19800 20200 
37 -37 63 -63 20100 19900 
-100 100 0 0 19900 20100 
-3.55271e-15 3.55271e-15 0 0 20000 20000 
-100 100 0 0 19900 20100 
100 -100 400 -400 20500 19500 
260.152 -260.152 1539.85 -1539.85 21800 18200 
-132.222 132.222 -67.7778 67.7778 19800 20200 
30 -30 70 -70 20100 19900 
-80.8081 80.8081 -19.1919 19.1919 19900 20100 
-100 100 0 0 19900 20100 
83.8384 -83.8384 16.1616 -16.1616 20100 19900 
274.545 -274.545 -74.5455 74.5455 20200 19800 
25.4 -25.4 74.6 -74.6 20100 19900 
40.202 -40.202 59.798 -59.798 20100 19900 
92.9293 -92.9293 7.07071 -7.07071 20100 19900 
100 -100 0 0 20100 19900 
-63.6364 63.6364 -36.3636 36.3636 19900 20100 
25.7 -25.7 74.3 -74.3 20100 19900 
5366.21 -5366.21 3741.79 -3741.79 29108 10892 
1872.22 -1872.22 -2972.22 2972.22 18900 21100 
-100 100 0 0 19900 20100 
100 -100 0 0 20100 19900 
-100 100 -100 100 19800 20200 
9.39394 -9.39394 90.6061 -90.6061 20100 19900 
100 -100 0 0 20100 19900 
91.1111 -91.1111 8.88889 -8.88889 20100 19900 
100 -100 200 -200 20300 19700 
81.8182 -81.8182 18.1818 -18.1818 20100 19900 
-96.9697 96.9697 -3.0303 3.0303 19900 20100 
100 -100 800 -800 20900 19100 
332.727 -332.727 2367.27 -2367.27 22700 17300 
49.3939 -49.3939 50.6061 -50.6061 20100 19900 
-239.899 239.899 -360.101 360.101 19400 20600 
-68.5859 68.5859 -31.4141 31.4141 19900 20100 
-66.6667 66.6667 -33.3333 33.3333 19900 20100 
100 -100 -700 700 19400 20600 
-154.545 154.545 -745.455 745.455 19100 20900 
61.3636 -61.3636 38.6364 -38.6364 20100 19900 
-2423.64 2423.64 6723.64 -6723.64 24300 15700 
-100 100 -100 100 19800 20200 
-942.828 942.828 1542.83 -1542.83 20600 19400 
-42.0202 42.0202 -57.9798 57.9798 19900 20100 
63.2323 -63.2323 36.7677 -36.7677 20100 19900 
-193.131 193.131 -406.869 406.869 19400 20600 
1175.03 -1175.03 4899.97 -4899.97 26075 13925 
-90.5051 90.5051 -9.49495 9.49495 19900 20100 
-44.4444 44.4444 -55.5556 55.5556 19900 20100 
100 -100 200 -200 20300 19700 
-100 100 0 0 19900 20100 
-146.869 146.869 -53.1313 53.1313 19800 20200 
-3.55271e-15 6.66134e-15 1500 -1500 21500 18500 
141.616 -141.616 58.3838 -58.3838 20200 19800 
10.8 -10.8 89.2 -89.2 20100 19900 
-100 100 0 0 19900 20100 
86.3636 -86.3636 13.6364 -13.6364 20100 19900 
-254.747 254.747 -345.253 345.253 19400 20600 
991.127 -991.127 8116.87 -8116.87 29108 10892 
42.6263 -42.6263 57.3737 -57.3737 20100 19900 
-4283.32 4304.02 15817.3 -15838 31534 8466 
59.596 -59.596 40.404 -40.404 20100 19900 
-6148.13 6148.13 16399.1 -16399.1 30251 9749 
72.5253 -72.5253 27.4747 -27.4747 20100 19900 
86.3636 -86.3636 13.6364 -13.6364 20100 19900 
-100 100 -200 200 19700 20300 
100 -100 0 0 20100 19900 
127.273 -127.273 172.727 -172.727 20300 19700 
-145.455 145.455 -1054.55 1054.55 18800 21200 
-204.848 204.848 -1595.15 1595.15 18200 21800 
87.0707 -87.0707 12.9293 -12.9293 20100 19900 
-100 100 -500 500 19400 20600 
-100 100 200 -200 20100 19900 
89.596 -89.596 10.404 -10.404 20100 19900 
-44.4444 44.4444 -55.5556 55.5556 19900 20100 
-100 100 0 0 19900 20100 
-54.5455 54.5455 154.545 -154.545 20100 19900 
-62.8283 62.8283 -37.1717 37.1717 19900 20100 
90.5051 -90.5051 9.49495 -9.49495 20100 19900 
152.02 -152.02 1647.98 -1647.98 21800 18200 
-117.374 117.374 -82.6263 82.6263 19800 20200 
72.7273 -72.7273 27.2727 -27.2727 20100 19900 
-107.677 107.677 607.677 -607.677 20500 19500 
85.4545 -85.4545 14.5455 -14.5455 20100 19900 
-100 100 0 0 19900 20100 
-111.515 111.515 -188.485 188.485 19700 20300 
-3.43434 3.43434 303.434 -303.434 20300 19700 
77.2727 -77.2727 22.7273 -22.7273 20100 19900 
-1080.2 1080.2 11580.2 -11580.2 30500 9500 
-52.5253 52.5253 -47.4747 47.4747 19900 20100 
-190.909 190.909 -709.091 709.091 19100 20900 
100 -100 11600 -11600 31700 8300 
-434.04 434.04 2684.04 -2684.04 22250 17750 
100 -100 0 0 20100 19900 
7106.57 -7106.57 11121.4 -11121.4 38228 1772 
-75 75 175 -175 20100 19900 
-91.6162 91.6162 191.616 -191.616 20100 19900 
100 -100 900 -900 21000 19000 
-73.9394 73.9394 -26.0606 26.0606 19900 20100 
100 -100 0 0 20100 19900 
-90.9091 90.9091 90.9091 -90.9091 20000 20000 
12.3 -12.3 87.7 -87.7 20100 19900 
100 -100 800 -800 20900 19100 
50 -50 50 -50 20100 19900 
-100 100 0 0 19900 20100 
835.556 -835.556 964.444 -964.444 21800 18200 
-138.384 138.384 -61.6162 61.6162 19800 20200 
304.9 -304.9 95.1 -95.1 20400 19600 
-40.303 40.303 1440.3 -1440.3 21400 18600 
-154.545 154.545 -145.455 145.455 19700 20300 
72.7273 -72.7273 27.2727 -27.2727 20100 19900 
-92.5253 92.5253 -207.475 207.475 19700 20300 
59.596 -59.596 40.404 -40.404 20100 19900 
-100 100 -200 200 19700 20300 
93.3333 -93.3333 6.66667 -6.66667 20100 19900 
-251.313 251.313 51.3131 -51.3131 19800 20200 
4096.19 -4096.19 13204.8 -13204.8 37301 2699 
-108.283 108.283 -791.717 791.717 19100 20900 
37.2 -37.2 62.8 -62.8 20100 19900 
-40.6061 40.6061 -59.3939 59.3939 19900 20100 
92.6263 -92.6263 107.374 -107.374 20200 19800 
-81.8182 81.8182 -18.1818 18.1818 19900 20100 
286.061 -286.061 8713.94 -8713.94 29000 11000 
-100 100 0 0 19900 20100 
-82.0202 82.0202 -17.9798 17.9798 19900 20100 
100 -100 0 0 20100 19900 
-73.2323 73.2323 -26.7677 26.7677 19900 20100 
1.21212 -1.21212 98.7879 -98.7879 20100 19900 
157.576 -157.576 1642.42 -1642.42 21800 18200 
-86.3636 86.3636 -13.6364 13.6364 19900 20100 
222.828 -222.828 3177.17 -3177.17 23400 16600 
-214.444 214.444 -2485.56 2485.56 17300 22700 
47.1 -47.1 52.9 -52.9 20100 19900 
100 -100 0 0 20100 19900 
93.7374 -93.7374 6.26263 -6.26263 20100 19900 
-22.7273 22.7273 -77.2727 77.2727 19900 20100 
-330 330 -345 345 19325 20675 
78.5859 -78.5859 21.4141 -21.4141 20100 19900 
-93.8949 109.495 -106.105 90.5051 19800 20200 
-100.606 100.606 -499.394 499.394 19400 20600 
100 -100 0 0 20100 19900 
-78.5859 78.5859 -221.414 221.414 19700 20300 
337.374 -337.374 1462.63 -1462.63 21800 18200 
94.5455 -94.5455 5.45455 -5.45455 20100 19900 
77.2727 -77.2727 22.7273 -22.7273 20100 19900 
-64.3434 64.3434 -35.6566 35.6566 19900 20100 
100 -100 0 0 20100 19900 
81.8182 -56.6182 18.1818 -43.3818 20100 19900 
36.3636 -36.3636 63.6364 -63.6364 20100 19900 
100 -100 200 -200 20300 19700 
-66.6667 66.6667 -33.3333 33.3333 19900 20100 
-169.899 169.899 -2530.1 2530.1 17300 22700 
-68.2667 86.6667 -31.7333 13.3333 19900 20100 
91.5152 -91.5152 8.48485 -8.48485 20100 19900 
177.172 -177.172 722.828 -722.828 20900 19100 
-107.172 107.172 -492.828 492.828 19400 20600 
100 -100 0 0 20100 19900 
100 -100 0 0 20100 19900 
-106.263 106.263 -493.737 493.737 19400 20600 
0.606061 -0.606061 -100.606 100.606 19900 20100 
-92.6263 92.6263 192.626 -192.626 20100 19900 
39.596 -39.596 60.404 -60.404 20100 19900 
224.444 -224.444 375.556 -375.556 20600 19400 
322.626 -322.626 4177.37 -4177.37 24500 15500 
-30.303 30.303 330.303 -330.303 20300 19700 
-100 100 -1000 1000 18900 21100 
-96.5515 115.152 -103.448 84.8485 19800 20200 
259.091 -259.091 3340.91 -3340.91 23600 16400 
105.657 -105.657 194.343 -194.343 20300 19700 
47.4747 -47.4747 52.5253 -52.5253 20100 19900 
60 -60 40 -40 20100 19900 
-100 100 0 0 19900 20100 
-154.545 154.545 -1345.45 1345.45 18500 21500 
100 -100 800 -800 20900 19100 
250.812 -227.612 649.188 -672.388 20900 19100 
-7.10543e-15 7.10543e-15 0 0 20000 20000 
86.2626 -86.2626 13.7374 -13.7374 20100 19900 
58.9899 -58.9899 41.0101 -41.0101 20100 19900 
-397.576 397.576 -1402.42 1402.42 18200 21800 
-52.5253 52.5253 -47.4747 47.4747 19900 20100 
-121.616 121.616 -178.384 178.384 19700 20300 
-102.424 102.424 -2597.58 2597.58 17300 22700 
69.899 -69.899 30.101 -30.101 20100 19900 
-71.7172 71.7172 -28.2828 28.2828 19900 20100 
100 -100 100 -100 20200 19800 
-74.5455 74.5455 -25.4545 25.4545 19900 20100 
100 -100 0 0 20100 19900 
168.182 -168.182 731.818 -731.818 20900 19100 
2448.8 -2448.8 587.2 -587.2 23036 16964 
-100 100 0 0 19900 20100 
-100 100 0 0 19900 20100 
-100 100 0 0 19900 20100 
-838.586 838.586 5938.59 -5938.59 25100 14900 
70.303 -70.303 -170.303 170.303 19900 20100 
0 -1.42109e-14 100 -100 20100 19900 
-1142.8 1142.8 -1135.2 1135.2 17722 22278 
-983.838 983.838 3483.84 -3483.84 22500 17500 
-59.3939 59.3939 -40.6061 40.6061 19900 20100 
-93.1818 93.1818 -6.81818 6.81818 19900 20100 
72.7273 -72.7273 27.2727 -27.2727 20100 19900 
-68.1818 68.1818 168.182 -168.182 20100 19900 
100 -100 0 0 20100 19900 
91.2626 -91.2626 208.737 -208.737 20300 19700 
24 -24 76 -76 20100 19900 
60.202 -60.202 39.798 -39.798 20100 19900 
50.7071 -50.7071 49.2929 -49.2929 20100 19900 
-100 100 0 0 19900 20100 
-106.221 106.221 -143.779 143.779 19750 20250 
-70.303 70.303 -29.697 29.697 19900 20100 
-15.7576 15.7576 -84.2424 84.2424 19900 20100 
-340.358 341.358 -671.642 670.642 18988 21012 
65.8586 -65.8586 34.1414 -34.1414 20100 19900 
92.9293 -92.9293 7.07071 -7.07071 20100 19900 
-100 100 -200 200 19700 20300 
-88.6869 88.6869 -11.3131 11.3131 19900 20100 
100 -100 0 0 20100 19900 
-59.0909 59.0909 159.091 -159.091 20100 19900 
-100 100 200 -200 20100 19900 
-123.636 123.636 -76.3636 76.3636 19800 20200 
-100 100 0 0 19900 20100 
100 -100 200 -200 20300 19700 
154.545 -154.545 745.455 -745.455 20900 19100 
-389.042 404.242 2389.04 -2404.24 22000 18000 
227.677 -227.677 5772.32 -5772.32 26000 14000 
-498.782 503.582 -2051.22 2046.42 17450 22550 
-100 100 -200 200 19700 20300 
-5447.42 5447.42 16981.4 -16981.4 31534 8466 
-100 100 0 0 19900 20100 
-64.4444 64.4444 -35.5556 35.5556 19900 20100 
-45.8586 45.8586 -54.1414 54.1414 19900 20100 
-154.545 154.545 -145.455 145.455 19700 20300 
100 -100 0 0 20100 19900 
126.869 -126.869 73.1313 -73.1313 20200 19800 
-100 100 0 0 19900 20100 
745.455 -745.455 -145.455 145.455 20600 19400 
-33.4 33.4 -66.6 66.6 19900 20100 
-100 100 0 0 19900 20100 
-18.9899 18.9899 -81.0101 81.0101 19900 20100 
100 -100 0 0 20100 19900 
-100 100 -200 200 19700 20300 
100 -100 0 0 20100 19900 
-86.3636 86.3636 186.364 -186.364 20100 19900 
-100 100 -100 100 19800 20200 
169.596 -169.596 19230.4 -19230.4 39400 600 
-71.8182 71.8182 -28.1818 28.1818 19900 20100 
87.8788 -87.8788 12.1212 -12.1212 20100 19900 
-40.6061 40.6061 -59.3939 59.3939 19900 20100 
26.2626 -26.2626 73.7374 -73.7374 20100 19900 
-44.596 79.596 144.596 -179.596 20100 19900 
51.1111 -51.1111 48.8889 -48.8889 20100 19900 
72.7273 -72.7273 27.2727 -27.2727 20100 19900 
-96.9697 96.9697 -3.0303 3.0303 19900 20100 
80.101 -80.101 19.899 -19.899 20100 19900 
-86.3636 86.3636 186.364 -186.364 20100 19900 
48.8889 -48.8889 51.1111 -51.1111 20100 19900 
195.758 -195.758 404.242 -404.242 20600 19400 
-35.3535 35.3535 -64.6465 64.6465 19900 20100 
68.3838 -68.3838 31.6162 -31.6162 20100 19900 
-63.8384 63.8384 -36.1616 36.1616 19900 20100 
-100 100 -200 200 19700 20300 
730.667 -730.667 6864.33 -6864.33 27595 12405 
48.2828 -48.2828 51.7172 -51.7172 20100 19900 
100 -100 0 0 20100 19900 
-117.273 117.273 -682.727 682.727 19200 20800 
-62.0202 62.0202 62.0202 -62.0202 20000 20000 
100 -100 100 -100 20200 19800 
-93.5354 93.5354 -6.46465 6.46465 19900 20100 
-132.727 132.727 -467.273 467.273 19400 20600 
100 -100 0 0 20100 19900 
-350.657 350.657 -99.3434 99.3434 19550 20450 
-100 100 200 -200 20100 19900 
-97.1717 97.1717 -2.82828 2.82828 19900 20100 
-100 100 0 0 19900 20100 
-100 100 0 0 19900 20100 
-1067.45 1075.35 11567.5 -11575.4 30500 9500 
100 -100 200 -200 20300 19700 
2907.2 -2907.2 3926.8 -3926.8 26834 13166 
224.217 -224.217 -899.217 899.217 19325 20675 
267.475 -267.475 -67.4747 67.4747 20200 19800 
-100 100 -3800 3800 16100 23900 
43.3333 -43.3333 56.6667 -56.6667 20100 19900 
-100 100 0 0 19900 20100 
-100 100 0 0 19900 20100 
-189.293 189.293 -410.707 410.707 19400 20600 
-10.1 10.1 -89.9 89.9 19900 20100 
445.455 -445.455 454.545 -454.545 20900 19100 
86.0606 -86.0606 13.9394 -13.9394 20100 19900 
127.273 -127.273 772.727 -772.727 20900 19100 
641.414 -641.414 8358.59 -8358.59 29000 11000 
-100 100 0 0 19900 20100 
5.32907e-15 -2.22045e-15 0 0 20000 20000 
23.1313 -23.1313 76.8687 -76.8687 20100 19900 
-244.4 244.4 -55.6 55.6 19700 20300 
-100 100 0 0 19900 20100 
-100 100 0 0 19900 20100 
-50.9091 50.9091 -49.0909 49.0909 19900 20100 
100 -100 0 0 20100 19900 
496.768 -496.768 -1396.77 1396.77 19100 20900 
3119.44 -3119.44 8355.56 -8355.56 31475 8525 
-130.101 130.101 -69.899 69.899 19800 20200 
57.4747 -57.4747 42.5253 -42.5253 20100 19900 
-110.303 110.303 -489.697 489.697 19400 20600 
-146.061 146.061 -53.9394 53.9394 19800 20200 
100 -100 0 0 20100 19900 
-100 100 0 0 19900 20100 
54.2424 -54.2424 45.7576 -45.7576 20100 19900 
550.473 -550.473 2485.53 -2485.53 23036 16964 
69.899 -69.899 30.101 -30.101 20100 19900 
28.2828 -28.2828 71.7172 -71.7172 20100 19900 
-280.202 280.202 -1519.8 1519.8 18200 21800 
-100 100 0 0 19900 20100 
54.7475 -54.7475 45.2525 -45.2525 20100 19900 
-84.8485 84.8485 -15.1515 15.1515 19900 20100 
-85.6566 85.6566 -14.3434 14.3434 19900 20100 
59.0909 -59.0909 40.9091 -40.9091 20100 19900 
-54.5455 54.5455 154.545 -154.545 20100 19900 
-100 100 -400 400 19500 20500 
-32.4 32.4 -67.6 67.6 19900 20100 
-100 100 200 -200 20100 19900 
137.273 -137.273 -337.273 337.273 19800 20200 
100 -100 0 0 20100 19900 
-154.545 154.545 -1645.45 1645.45 18200 21800 
-7.10543e-15 7.10543e-15 100 -100 20100 19900 
82.8283 -82.8283 17.1717 -17.1717 20100 19900 
-100 100 -200 200 19700 20300 
-100 100 0 0 19900 20100 
100 -100 200 -200 20300 19700 
100 -100 0 0 20100 19900 
-121.616 121.616 -478.384 478.384 19400 20600 
-88.0808 88.0808 -11.9192 11.9192 19900 20100 
-93.7374 93.7374 -6.26263 6.26263 19900 20100 
93.7374 -93.7374 6.26263 -6.26263 20100 19900 
-100 100 0 0 19900 20100 
-336.061 336.061 -2363.94 2363.94 17300 22700 
58.1818 -58.1818 41.8182 -41.8182 20100 19900 
-21.2121 21.2121 -78.7879 78.7879 19900 20100 
342.424 -342.424 11957.6 -11957.6 32300 7700 
-47.0707 47.0707 -52.9293 52.9293 19900 20100 
-47.0707 47.0707 -52.9293 52.9293 19900 20100 
-100 100 -200 200 19700 20300 
-100 100 -200 200 19700 20300 
-114.545 114.545 -2585.45 2585.45 17300 22700 
-72.7273 72.7273 172.727 -172.727 20100 19900 
100 -100 0 0 20100 19900 
2.27273 -2.27273 97.7273 -97.7273 20100 19900 
-70.7 70.7 -29.3 29.3 19900 20100 
-100 100 -200 200 19700 20300 
72.7273 -72.7273 27.2727 -27.2727 20100 19900 
-18.1818 18.1818 -81.8182 81.8182 19900 20100 
-18.9899 18.9899 18.9899 -18.9899 20000 20000 
145.455 -145.455 154.545 -154.545 20300 19700 
36.5657 -36.5657 63.4343 -63.4343 20100 19900 
-1494.72 1494.72 -1541.28 1541.28 16964 23036 
-71.3131 71.3131 -28.6869 28.6869 19900 20100 
62.2222 -62.2222 37.7778 -37.7778 20100 19900 
-2.42424 2.42424 -97.5758 97.5758 19900 20100 
861.01 -861.01 638.99 -638.99 21500 18500 
100 -100 0 0 20100 19900 
-100 100 0 0 19900 20100 
-121.616 121.616 -478.384 478.384 19400 20600 
285.758 -285.758 314.242 -314.242 20600 19400 
-6 6 -94 94 19900 20100 
-122.626 122.626 -177.374 177.374 19700 20300 
-55.7576 55.7576 -44.2424 44.2424 19900 20100 
90.303 -90.303 9.69697 -9.69697 20100 19900 
-100 100 -200 200 19700 20300 
87.2727 -87.2727 12.7273 -12.7273 20100 19900 
-93.9394 93.9394 -6.06061 6.06061 19900 20100 
-72.8283 72.8283 -27.1717 27.1717 19900 20100 
-100 100 0 0 19900 20100 
-5.05051 5.05051 105.051 -105.051 20100 19900 
-81.8182 81.8182 181.818 -181.818 20100 19900 
-39.3939 39.3939 -60.6061 60.6061 19900 20100 
-83.8384 83.8384 -16.1616 16.1616 19900 20100 
-6.26263 6.26263 106.263 -106.263 20100 19900 
-620.758 620.758 -729.242 729.242 18650 21350 
-372.727 372.727 -2927.27 2927.27 16700 23300 
100 -100 200 -200 20300 19700 
-71.9192 71.9192 -28.0808 28.0808 19900 20100 
-155.859 155.859 -294.141 294.141 19550 20450 
-304.848 304.848 1654.85 -1654.85 21350 18650 
100 -100 0 0 20100 19900 
100 -100 0 0 20100 19900 
100 -100 0 0 20100 19900 
-99.8 100 -200.2 200 19700 20300 
-100 100 200 -200 20100 19900 
93.7374 -93.7374 6.26263 -6.26263 20100 19900 
-100 100 -200 200 19700 20300 
-1106.2 1106.2 -3450.8 3450.8 15443 24557 
36.3636 -36.3636 63.6364 -63.6364 20100 19900 
125.859 -125.859 174.141 -174.141 20300 19700 
-100 100 -500 500 19400 20600 
-11.3131 11.3131 -88.6869 88.6869 19900 20100 
-262.424 262.424 -1537.58 1537.58 18200 21800 
-93.1818 93.1818 -6.81818 6.81818 19900 20100 
3.55271e-15 -3.55271e-15 0 0 20000 20000 
-100 100 -200 200 19700 20300 
-339.192 339.192 -1460.81 1460.81 18200 21800 
-119.394 119.394 -180.606 180.606 19700 20300 
2.66454e-15 -9.76996e-15 -300 300 19700 20300 
-845.657 845.657 1445.66 -1445.66 20600 19400 
70.303 -70.303 29.697 -29.697 20100 19900 
-100 100 -1000 1000 18900 21100 
72.7273 -72.7273 27.2727 -27.2727 20100 19900 
100 -100 0 0 20100 19900 
-1008.51 1008.51 -8099.49 8099.49 10892 29108 
-100 100 -200 200 19700 20300 
-346.364 346.364 -253.636 253.636 19400 20600 
-41.9192 41.9192 -58.0808 58.0808 19900 20100 
212.323 -212.323 -10712.3 10712.3 9500 30500 
100 -100 800 -800 20900 19100 
100 -100 2300 -2300 22400 17600 
906.005 -890.505 11694 -11709.5 32600 7400 
-100 100 0 0 19900 20100 
68.1818 -68.1818 31.8182 -31.8182 20100 19900 
-100 100 -3800 3800 16100 23900 
100 -100 0 0 20100 19900 
-18.1818 18.1818 -81.8182 81.8182 19900 20100 
96.7677 -96.7677 3.23232 -3.23232 20100 19900 
-146.465 146.465 -153.535 153.535 19700 20300 
313.232 -313.232 4686.77 -4686.77 25000 15000 
5.32907e-15 -5.32907e-15 0 0 20000 20000 
127.273 -127.273 772.727 -772.727 20900 19100 
100 -100 200 -200 20300 19700 
6.21725e-15 -6.21725e-15 100 -100 20100 19900 
-100 100 -200 200 19700 20300 
-73.9394 73.9394 -26.0606 26.0606 19900 20100 
642.525 -642.525 3857.47 -3857.47 24500 15500 
100 -100 0 0 20100 19900 
86.3636 -86.3636 13.6364 -13.6364 20100 19900 
-1099.53 1099.53 12231.5 -12231.5 31132 8868 
686.465 -686.465 513.535 -513.535 21200 18800 
100 -100 0 0 20100 19900 
-100 100 0 0 19900 20100 
-89.1242 102.424 -3810.88 3797.58 16100 23900 
100 -100 200 -200 20300 19700 
69.899 -69.899 30.101 -30.101 20100 19900 
-478.485 478.485 -521.515 521.515 19000 21000 
100 -100 200 -200 20300 19700 
73.1313 -73.1313 26.8687 -26.8687 20100 19900 
-100 100 0 0 19900 20100 
95.7576 -95.7576 4.24242 -4.24242 20100 19900 
445.455 -445.455 454.545 -454.545 20900 19100 
-51.3131 51.3131 -48.6869 48.6869 19900 20100 
-62.6263 62.6263 -37.3737 37.3737 19900 20100 
-979.798 979.798 -820.202 820.202 18200 21800 
36.5657 -36.5657 63.4343 -63.4343 20100 19900 
-56.0606 56.0606 -43.9394 43.9394 19900 20100 
-100 100 200 -200 20100 19900 
-263.03 263.03 -1536.97 1536.97 18200 21800 
-75.7576 75.7576 -24.2424 24.2424 19900 20100 
100 -100 0 0 20100 19900 
-127.273 127.273 -172.727 172.727 19700 20300 
-100 100 0 0 19900 20100 
100 -100 0 0 20100 19900 
9464.99 -9464.99 -26766 26766 2699 37301 
90.9091 -90.9091 9.09091 -9.09091 20100 19900 
126.566 -126.566 73.4343 -73.4343 20200 19800 
-100 100 -1900 1900 18000 22000 
-43.0303 43.0303 -56.9697 56.9697 19900 20100 
100 -100 3200 -3200 23300 16700 
100 -100 0 0 20100 19900 
23.5 -23.5 76.5 -76.5 20100 19900 
-624.606 624.606 -4435.39 4435.39 14940 25060 
9417.16 -9417.16 -1728.16 1728.16 27689 12311 
40.9091 -40.9091 59.0909 -59.0909 20100 19900 
100 -100 0 0 20100 19900 
-94.1414 94.1414 -5.85859 5.85859 19900 20100 
64.0404 -64.0404 235.96 -235.96 20300 19700 
76.1616 -76.1616 23.8384 -23.8384 20100 19900 
-148.283 148.283 448.283 -448.283 20300 19700 
100 -100 200 -200 20300 19700 
-178.182 178.182 -21.8182 21.8182 19800 20200 
-72.7273 72.7273 172.727 -172.727 20100 19900 
-100 100 -200 200 19700 20300 
-46.0606 46.0606 -53.9394 53.9394 19900 20100 
1387.98 -1387.98 -375.976 375.976 21012 18988 
-353.737 353.737 -1446.26 1446.26 18200 21800 
100 -100 0 0 20100 19900 
100 -100 200 -200 20300 19700 
90.5051 -90.5051 9.49495 -9.49495 20100 19900 
-171.717 171.717 -728.283 728.283 19100 20900 
-100 100 -200 200 19700 20300 
72.7273 -72.7273 27.2727 -27.2727 20100 19900 
-84.0404 84.0404 -15.9596 15.9596 19900 20100 
-120.606 120.606 -329.394 329.394 19550 20450 
533.891 -533.891 478.109 -478.109 21012 18988 
-180 180 -120 120 19700 20300 
100 -100 0 0 20100 19900 
-100 100 0 0 19900 20100 
1.77636e-15 -1.77636e-15 0 0 20000 20000 
-54.5455 54.5455 154.545 -154.545 20100 19900 
-7.10543e-15 -7.10543e-15 0 0 20000 20000 
-100 100 0 0 19900 20100 
-83.9394 83.9394 183.939 -183.939 20100 19900 
-45.4545 45.4545 145.455 -145.455 20100 19900 
-85.4545 85.4545 -14.5455 14.5455 19900 20100 
-161.418 161.418 411.418 -411.418 20250 19750 
100 -100 0 0 20100 19900 
100 -100 800 -800 20900 19100 
0 0 100 -100 20100 19900 
36.3636 -36.3636 63.6364 -63.6364 20100 19900 
-28.8 28.8 -71.2 71.2 19900 20100 
100 -100 0 0 20100 19900 
-100 100 200 -200 20100 19900 
-44.4444 44.4444 -55.5556 55.5556 19900 20100 
20.404 -20.404 179.596 -179.596 20200 19800 
175.96 -175.96 24.0404 -24.0404 20200 19800 
-245.758 245.758 4245.76 -4245.76 24000 16000 
-100 100 0 0 19900 20100 
-88.2828 88.2828 -11.7172 11.7172 19900 20100 
220.202 -220.202 -820.202 820.202 19400 20600 
-77.6263 77.6263 527.626 -527.626 20450 19550 
-18.2828 18.2828 -81.7172 81.7172 19900 20100 
100 -100 0 0 20100 19900 
47.4747 -47.4747 52.5253 -52.5253 20100 19900 
-100 100 -200 200 19700 20300 
-100 100 0 0 19900 20100 
-42.8283 42.8283 -57.1717 57.1717 19900 20100 
-100 100 -200 200 19700 20300 
64.0404 -64.0404 35.9596 -35.9596 20100 19900 
69.899 -69.899 30.101 -30.101 20100 19900 
100 -100 0 0 20100 19900 
-108.788 108.788 -491.212 491.212 19400 20600 
-3421.31 3421.31 -2653.69 2653.69 13925 26075 
-174.545 174.545 -25.4545 25.4545 19800 20200 
6395.78 -6395.78 8982.22 -8982.22 35378 4622 
-48.5212 48.5212 -963.479 963.479 18988 21012 
100 -100 0 0 20100 19900 
55.2525 -55.2525 -155.253 155.253 19900 20100 
-56.9697 56.9697 -43.0303 43.0303 19900 20100 
-26 26 -74 74 19900 20100 
-29.2929 29.2929 -70.7071 70.7071 19900 20100 
100 -100 100 -100 20200 19800 
100 -100 0 0 20100 19900 
-100 100 0 0 19900 20100 
-59.0909 59.0909 159.091 -159.091 20100 19900 
-86.3636 86.3636 186.364 -186.364 20100 19900 
-100 100 -2000 2000 17900 22100 
-115.556 115.556 -2584.44 2584.44 17300 22700 
50 -50 50 -50 20100 19900 
-100 100 0 0 19900 20100 
-159.192 159.192 -440.808 440.808 19400 20600 
-100 100 -200 200 19700 20300 
100 -100 200 -200 20300 19700 
100 -100 0 0 20100 19900 
72.7273 -72.7273 27.2727 -27.2727 20100 19900 
970.934 -970.934 5104.07 -5104.07 26075 13925 
100 -100 100 -100 20200 19800 
-100 100 -800 800 19100 20900 
77.2727 -77.2727 22.7273 -22.7273 20100 19900 
251.313 -251.313 -51.3131 51.3131 20200 19800 
86.0606 -86.0606 13.9394 -13.9394 20100 19900 
72.7273 -72.7273 27.2727 -27.2727 20100 19900 
-31.5152 31.5152 -68.4848 68.4848 19900 20100 
54.5455 -54.5455 45.4545 -45.4545 20100 19900 
-91.9192 91.9192 -8.08081 8.08081 19900 20100 
-3112.41 3112.41 -12265.6 12265.6 4622 35378 
-105.455 105.455 305.455 -305.455 20200 19800 
100 -100 200 -200 20300 19700 
-70.6061 70.6061 -29.3939 29.3939 19900 20100 
100 -100 0 0 20100 19900 
-875.253 875.253 -2124.75 2124.75 17000 23000 
90.9091 -90.9091 9.09091 -9.09091 20100 19900 
-1924.7 1924.7 9613.7 -9613.7 27689 12311 
-100 100 -3800 3800 16100 23900 
-245.455 245.455 -1254.55 1254.55 18500 21500 
-23.9 23.9 -76.1 76.1 19900 20100 
100 -100 0 0 20100 19900 
67.9798 -62.0798 -167.98 162.08 19900 20100 
102.929 -102.929 1697.07 -1697.07 21800 18200 
-203.586 203.586 -471.414 471.414 19325 20675 
136.364 -136.364 763.636 -763.636 20900 19100 
72.7273 -72.7273 27.2727 -27.2727 20100 19900 
-205.657 205.657 -594.343 594.343 19200 20800 
-100 100 -300 300 19600 20400 
100 -100 0 0 20100 19900 
360.202 -349.902 -660.202 649.902 19700 20300 
-72.7273 72.7273 172.727 -172.727 20100 19900 
-100 100 -200 200 19700 20300 
-360.606 360.606 -1439.39 1439.39 18200 21800 
37.4747 -37.4747 62.5253 -62.5253 20100 19900 
100 -100 0 0 20100 19900 
408.485 -408.485 1391.52 -1391.52 21800 18200 
472.927 -472.727 427.073 -427.273 20900 19100 
105.152 -105.152 94.8485 -94.8485 20200 19800 
-974.545 974.545 -7825.45 7825.45 11200 28800 
91.7172 -91.7172 8.28283 -8.28283 20100 19900 
100 -100 0 0 20100 19900 
-100 100 0 0 19900 20100 
-803.636 803.636 -14796.4 14796.4 4400 35600 
235.758 -235.758 2164.24 -2164.24 22400 17600 
232.424 -232.424 367.576 -367.576 20600 19400 
-145.354 145.354 -54.6465 54.6465 19800 20200 
-65.1051 90.5051 -34.8949 9.49495 19900 20100 
1.3 -1.3 98.7 -98.7 20100 19900 
-100 100 -400 400 19500 20500 
-155.556 155.556 -444.444 444.444 19400 20600 
-100 100 0 0 19900 20100 
60.404 -60.404 39.596 -39.596 20100 19900 
-151.818 151.818 -448.182 448.182 19400 20600 
-780.909 780.909 180.909 -180.909 19400 20600 
3.53535 -3.53535 96.4646 -96.4646 20100 19900 
95.1515 -95.1515 4.84848 -4.84848 20100 19900 
68.1818 -68.1818 31.8182 -31.8182 20100 19900 
68.0808 -68.0808 31.9192 -31.9192 20100 19900 
100 -100 0 0 20100 19900 
-133.737 133.737 -66.2626 66.2626 19800 20200 
100.909 -100.909 3499.09 -3499.09 23600 16400 
100 -100 200 -200 20300 19700 
41.0101 -41.0101 58.9899 -58.9899 20100 19900 
-574.04 574.04 -775.96 775.96 18650 21350 
151.919 -151.919 2548.08 -2548.08 22700 17300 
100 -100 200 -200 20300 19700 
39.697 -39.697 60.303 -60.303 20100 19900 
-154.545 154.545 -745.455 745.455 19100 20900 
84.4444 -84.4444 15.5556 -15.5556 20100 19900 
268.636 -268.636 1081.36 -1081.36 21350 18650 
-4017.15 4017.15 -3671.85 3671.85 12311 27689 
127.273 -127.273 2872.73 -2872.73 23000 17000 
92.9293 -92.9293 7.07071 -7.07071 20100 19900 
-313.333 313.333 -1186.67 1186.67 18500 21500 
72.2 -72.2 27.8 -27.8 20100 19900 
218.182 -218.182 81.8182 -81.8182 20300 19700 
3082.04 -3082.04 -804.036 804.036 22278 17722 
-100 100 0 0 19900 20100 
971.2 -971.2 1306.8 -1306.8 22278 17722 
22.4 -22.4 77.6 -77.6 20100 19900 
100.808 -100.808 10399.2 -10399.2 30500 9500 
-49.899 49.899 -50.101 50.101 19900 20100 
-100 100 -500 500 19400 20600 
100 -100 0 0 20100 19900 
-52.9293 52.9293 -47.0707 47.0707 19900 20100 
-80.404 80.404 -19.596 19.596 19900 20100 
100 -100 0 0 20100 19900 
100 -100 900 -900 21000 19000 
-450 450 100 -100 19650 20350 
-100 100 -800 800 19100 20900 
-120.568 156.768 620.568 -656.768 20500 19500 
38.4 -38.4 61.6 -61.6 20100 19900 
-154.545 154.545 -145.455 145.455 19700 20300 
100 -100 -200 200 19900 20100 
-107.677 107.677 -92.3232 92.3232 19800 20200 
100 -98.6 0 -1.4 20100 19900 
410.404 -410.404 1389.6 -1389.6 21800 18200 
-100 100 -800 800 19100 20900 
78.7879 -78.7879 21.2121 -21.2121 20100 19900 
230.909 -230.909 1569.09 -1569.09 21800 18200 
-64.8818 68.1818 164.882 -168.182 20100 19900 
100 -100 0 0 20100 19900 
26.2626 -26.2626 73.7374 -73.7374 20100 19900 
-6952.72 6952.72 -3298.28 3298.28 9749 30251 
72.7273 -72.7273 27.2727 -27.2727 20100 19900 
-91.3131 91.3131 -8.68687 8.68687 19900 20100 
-72.7273 72.7273 172.727 -172.727 20100 19900 
100 -100 100 -100 20200 19800 
-86.3636 86.3636 186.364 -186.364 20100 19900 
6001.79 -6001.79 5532.21 -5532.21 31534 8466 
-73.9394 73.9394 -26.0606 26.0606 19900 20100 
-100 100 -200 200 19700 20300 
-93.1313 93.1313 -6.86869 6.86869 19900 20100 
-163.636 163.636 -3136.36 3136.36 16700 23300 
52.3232 -52.3232 47.6768 -47.6768 20100 19900 
-93.1818 93.1818 -6.81818 6.81818 19900 20100 
697.7 -697.7 3859.3 -3859.3 24557 15443 
-93.1818 93.1818 -6.81818 6.81818 19900 20100 
879.293 -879.293 3170.71 -3170.71 24050 15950 
100 -98.1 0 -1.9 20100 19900 
62.4242 -62.4242 37.5758 -37.5758 20100 19900 
-136.768 136.768 -63.2323 63.2323 19800 20200 
240 -240 210 -210 20450 19550 
93.1818 -93.1818 6.81818 -6.81818 20100 19900 
100 -100 0 0 20100 19900 
-88.6869 88.6869 -11.3131 11.3131 19900 20100 
2782.58 -2782.58 634.417 -634.417 23417 16583 
-224.545 224.545 -225.455 225.455 19550 20450 
102.424 -102.424 797.576 -797.576 20900 19100 
13.6364 -13.6364 86.3636 -86.3636 20100 19900 
20.202 -20.202 79.798 -79.798 20100 19900 
-2871.88 2871.88 -8662.12 8662.12 8466 31534 
-71.4394 71.4394 71.4394 -71.4394 20000 20000 
1346.77 -1346.77 11253.2 -11253.2 32600 7400 
-66.0606 66.0606 266.061 -266.061 20200 19800 
100 -100 800 -800 20900 19100 
85.0505 -85.0505 14.9495 -14.9495 20100 19900 
-353.535 353.535 -2346.46 2346.46 17300 22700 
100 -100 0 0 20100 19900 
95.5556 -95.5556 4.44444 -4.44444 20100 19900 