64.8485 -64.8485 35.1515 -35.1515 20100 19900 
58.1818 -58.1818 41.8182 -41.8182 20100 19900 
56.5657 -56.5657 43.4343 -43.4343 20100 19900 
35.7576 -35.7576 64.2424 -64.2424 20100 19900 
100 -100 0 0 20100 19900 
-100 100 0 0 19900 20100 
100 -100 0 0 20100 19900 
-89.697 89.697 189.697 -189.697 20100 19900 
-100 100 0 0 19900 20100 
-100 100 200 -200 20100 19900 
-100 100 0 0 19900 20100 
-100 100 0 0 19900 20100 
100 -100 0 0 20100 19900 
50.303 -50.303 49.697 -49.697 20100 19900 
-100 100 0 0 19900 20100 
68.1818 -68.1818 31.8182 -31.8182 20100 19900 
-100 100 0 0 19900 20100 
100 -100 0 0 20100 19900 
100 -100 0 0 20100 19900 
51.1111 -51.1111 48.8889 -48.8889 20100 19900 
-64.6465 64.6465 164.646 -164.646 20100 19900 
-100 100 0 0 19900 20100 
83.0303 -83.0303 16.9697 -16.9697 20100 19900 
99.0909 -99.0909 0.909091 -0.909091 20100 19900 
-100 100 0 0 19900 20100 
-100 100 0 0 19900 20100 
69.0909 -69.0909 30.9091 -30.9091 20100 19900 
-100 100 0 0 19900 20100 
23.5 -23.5 76.5 -76.5 20100 19900 
-100 100 0 0 19900 20100 
-100 100 200 -200 20100 19900 
100 -100 0 0 20100 19900 
85.1515 -85.1515 14.8485 -14.8485 20100 19900 
-1.77636e-15 1.77636e-15 100 -100 20100 19900 
3.55271e-15 -3.55271e-15 0 0 20000 20000 
81.8182 -81.8182 18.1818 -18.1818 20100 19900 
100 -100 0 0 20100 19900 
-100 100 0 0 19900 20100 
36.8687 -36.8687 63.1313 -63.1313 20100 19900 
97.7778 -96.9778 2.22222 -3.02222 20100 19900 
100 -100 0 0 20100 19900 
-100 100 0 0 19900 20100 
100 -100 0 0 20100 19900 
-39.1919 39.1919 139.192 -139.192 20100 19900 
100 -100 0 0 20100 19900 
-100 100 0 0 19900 20100 
-44.3 44.3 -55.7 55.7 19900 20100 
-100 100 0 0 19900 20100 
-100 100 0 0 19900 20100 
68.1818 -68.1818 31.8182 -31.8182 20100 19900 
-100 100 0 0 19900 20100 
64.0404 -64.0404 35.9596 -35.9596 20100 19900 
93.1818 -93.1818 6.81818 -6.81818 20100 19900 
-100 100 200 -200 20100 19900 
-100 100 0 0 19900 20100 
73.1313 -73.1313 26.8687 -26.8687 20100 19900 
100 -100 0 0 20100 19900 
-100 100 200 -200 20100 19900 
81.8182 -81.8182 18.1818 -18.1818 20100 19900 
-100 100 0 0 19900 20100 
-100 100 0 0 19900 20100 
-83.4343 83.4343 183.434 -183.434 20100 19900 
96.7677 -96.7677 3.23232 -3.23232 20100 19900 
-100 100 0 0 19900 20100 
66.6667 -66.6667 33.3333 -33.3333 20100 19900 
-94.3434 94.3434 194.343 -194.343 20100 19900 
52.5253 -52.5253 47.4747 -47.4747 20100 19900 
34.9495 -34.9495 65.0505 -65.0505 20100 19900 
-100 100 0 0 19900 20100 
100 -100 0 0 20100 19900 
42.9 -42.9 57.1 -57.1 20100 19900 
-100 100 0 0 19900 20100 
100 -100 0 0 20100 19900 
52.3232 -52.3232 47.6768 -47.6768 20100 19900 
65.9596 -65.9596 34.0404 -34.0404 20100 19900 
100 -100 0 0 20100 19900 
-100 100 0 0 19900 20100 
100 -100 0 0 20100 19900 
84.0909 -84.0909 15.9091 -15.9091 20100 19900 
-70.101 70.101 170.101 -170.101 20100 19900 
-100 100 0 0 19900 20100 
-100 100 0 0 19900 20100 
90.5051 -90.5051 9.49495 -9.49495 20100 19900 
-100 100 0 0 19900 20100 
-51.9192 51.9192 151.919 -151.919 20100 19900 
-100 100 0 0 19900 20100 
-100 100 0 0 19900 20100 
69.2929 -69.2929 30.7071 -30.7071 20100 19900 
60.9091 -60.9091 39.0909 -39.0909 20100 19900 
-100 100 0 0 19900 20100 
100 -100 0 0 20100 19900 
60 -60 40 -40 20100 19900 
-100 100 0 0 19900 20100 
100 -100 0 0 20100 19900 
8.7 -8.7 91.3 -91.3 20100 19900 
58.6869 -58.6869 41.3131 -41.3131 20100 19900 
-100 100 0 0 19900 20100 
54.5455 -54.5455 45.4545 -45.4545 20100 19900 
100 -100 0 0 20100 19900 
100 -100 0 0 20100 19900 
-100 100 200 -200 20100 19900 
96.9697 -76.4697 3.0303 -23.5303 20100 19900 
100 -100 0 0 20100 19900 
-100 100 0 0 19900 20100 
-100 100 0 0 19900 20100 
0 -1.42109e-14 -100 100 19900 20100 
70.303 -70.303 29.697 -29.697 20100 19900 
82.2222 -82.2222 17.7778 -17.7778 20100 19900 
-100 100 0 0 19900 20100 
72.7273 -72.7273 27.2727 -27.2727 20100 19900 
-100 100 0 0 19900 20100 
100 -100 0 0 20100 19900 
51.0101 -51.0101 48.9899 -48.9899 20100 19900 
-100 100 0 0 19900 20100 
-100 100 0 0 19900 20100 
-45.1515 45.1515 145.152 -145.152 20100 19900 
-100 100 200 -200 20100 19900 
100 -100 0 0 20100 19900 
-69.4949 69.4949 169.495 -169.495 20100 19900 
81.8182 -81.8182 18.1818 -18.1818 20100 19900 
-100 100 0 0 19900 20100 
95.6566 -95.6566 4.34343 -4.34343 20100 19900 
-62.1212 62.1212 162.121 -162.121 20100 19900 
-100 100 0 0 19900 20100 
-2.66454e-15 2.66454e-15 0 0 20000 20000 
58.3838 -58.3838 41.6162 -41.6162 20100 19900 
-100 100 0 0 19900 20100 
90.5051 -90.5051 9.49495 -9.49495 20100 19900 
84.8485 -84.8485 15.1515 -15.1515 20100 19900 
-54.1414 54.1414 154.141 -154.141 20100 19900 
67.0707 -67.0707 32.9293 -32.9293 20100 19900 
100 -100 0 0 20100 19900 
52.4242 -52.4242 47.5758 -47.5758 20100 19900 
68.1818 -68.1818 31.8182 -31.8182 20100 19900 
-81.1111 81.1111 181.111 -181.111 20100 19900 
-100 100 0 0 19900 20100 
-57.4747 57.4747 157.475 -157.475 20100 19900 
-100 100 0 0 19900 20100 
-100 100 0 0 19900 20100 
92.6263 -92.6263 7.37374 -7.37374 20100 19900 
29.3 -29.3 70.7 -70.7 20100 19900 
59.0909 -59.0909 40.9091 -40.9091 20100 19900 
77.3737 -77.3737 22.6263 -22.6263 20100 19900 
-100 100 0 0 19900 20100 
-71.6162 71.6162 171.616 -171.616 20100 19900 
89.596 -89.596 10.404 -10.404 20100 19900 
-42.2222 42.2222 142.222 -142.222 20100 19900 
-66.6 66.6 -33.4 33.4 19900 20100 
100 -100 0 0 20100 19900 
-100 101.2 0 -1.2 19900 20100 
100 -100 0 0 20100 19900 
100 -100 0 0 20100 19900 
-100 100 0 0 19900 20100 
-100 100 200 -200 20100 19900 
88.6869 -88.6869 11.3131 -11.3131 20100 19900 
49.798 -49.798 50.202 -50.202 20100 19900 
100 -100 0 0 20100 19900 
-100 100 0 0 19900 20100 
100 -100 0 0 20100 19900 
58.3838 -58.3838 41.6162 -41.6162 20100 19900 
-100 100 0 0 19900 20100 
41.7172 -41.7172 58.2828 -58.2828 20100 19900 
52.7273 -52.7273 47.2727 -47.2727 20100 19900 
100 -100 0 0 20100 19900 
49.1919 -49.1919 50.8081 -50.8081 20100 19900 
-100 100 0 0 19900 20100 
90.101 -90.101 9.89899 -9.89899 20100 19900 
100 -100 0 0 20100 19900 
-100 100 0 0 19900 20100 
37.2727 -37.2727 62.7273 -62.7273 20100 19900 
100 -100 0 0 20100 19900 
-24.1414 24.1414 124.141 -124.141 20100 19900 
-100 100 0 0 19900 20100 
-52.5253 52.5253 152.525 -152.525 20100 19900 
-100 100 0 0 19900 20100 
-100 100 0 0 19900 20100 
100 -100 0 0 20100 19900 
-63.2323 63.2323 163.232 -163.232 20100 19900 
-100 100 0 0 19900 20100 
-100 100 0 0 19900 20100 
44.8485 -44.8485 55.1515 -55.1515 20100 19900 
100 -100 0 0 20100 19900 
-100 100 0 0 19900 20100 
100 -100 0 0 20100 19900 
-94.9 100 -5.1 0 19900 20100 
50.8081 -50.8081 49.1919 -49.1919 20100 19900 
-100 100 0 0 19900 20100 
67.8788 -67.8788 32.1212 -32.1212 20100 19900 
96.3636 -96.3636 3.63636 -3.63636 20100 19900 
100 -100 0 0 20100 19900 
41.6162 -41.6162 58.3838 -58.3838 20100 19900 
100 -100 0 0 20100 19900 
100 -100 0 0 20100 19900 
-100 100 0 0 19900 20100 
96.9697 -96.9697 3.0303 -3.0303 20100 19900 
81.8182 -81.8182 18.1818 -18.1818 20100 19900 
49.0909 -49.0909 50.9091 -50.9091 20100 19900 
-100 100 0 0 19900 20100 
-100 100 0 0 19900 20100 
-50.404 50.404 150.404 -150.404 20100 19900 
-100 100 0 0 19900 20100 
-100 100 0 0 19900 20100 
-100 100 0 0 19900 20100 
100 -100 0 0 20100 19900 
94.5455 -94.5455 5.45455 -5.45455 20100 19900 
-100 100 0 0 19900 20100 
100 -100 0 0 20100 19900 
-100 100 0 0 19900 20100 
39.1919 -39.1919 60.8081 -60.8081 20100 19900 
-100 100 200 -200 20100 19900 
-100 100 0 0 19900 20100 
-100 100 0 0 19900 20100 
-100 100 0 0 19900 20100 
-100 100 0 0 19900 20100 
-100 100 0 0 19900 20100 
-100 100 0 0 19900 20100 
-100 100 0 0 19900 20100 
100 -100 0 0 20100 19900 
100 -100 0 0 20100 19900 
5 -5 -105 105 19900 20100 
-100 100 0 0 19900 20100 
-100 100 0 0 19900 20100 
100 -100 0 0 20100 19900 
-41.6162 41.6162 141.616 -141.616 20100 19900 
-100 100 0 0 19900 20100 
100 -100 0 0 20100 19900 
55.9586 -45.8586 44.0414 -54.1414 20100 19900 
-100 100 0 0 19900 20100 
100 -100 0 0 20100 19900 
82.8283 -82.8283 17.1717 -17.1717 20100 19900 
-59.596 59.596 159.596 -159.596 20100 19900 
-100 100 0 0 19900 20100 
100 -100 0 0 20100 19900 
54.5455 -54.5455 45.4545 -45.4545 20100 19900 
-100 100 200 -200 20100 19900 
40.9091 -40.9091 59.0909 -59.0909 20100 19900 
32.5 -32.5 67.5 -67.5 20100 19900 
100 -100 0 0 20100 19900 
100 -100 0 0 20100 19900 
100 -100 0 0 20100 19900 
90.9091 -90.9091 9.09091 -9.09091 20100 19900 
-100 100 0 0 19900 20100 
95.4545 -95.4545 4.54545 -4.54545 20100 19900 
-100 100 0 0 19900 20100 
22.1212 -22.1212 77.8788 -77.8788 20100 19900 
-100 100 200 -200 20100 19900 
-63.2323 63.2323 163.232 -163.232 20100 19900 
100 -100 0 0 20100 19900 
71.9192 -71.9192 28.0808 -28.0808 20100 19900 
100 -100 0 0 20100 19900 
-44.1414 44.1414 144.141 -144.141 20100 19900 
100 -100 0 0 20100 19900 
80.202 -80.202 19.798 -19.798 20100 19900 
-100 100 0 0 19900 20100 
-28.6 28.6 -71.4 71.4 19900 20100 
-70.303 70.303 170.303 -170.303 20100 19900 
-61.2121 61.2121 161.212 -161.212 20100 19900 
81.6162 -78.4162 18.3838 -21.5838 20100 19900 
-100 100 0 0 19900 20100 
61.3131 -61.3131 38.6869 -38.6869 20100 19900 
-50 60 -50 40 19900 20100 
-98.6869 98.6869 198.687 -198.687 20100 19900 
72.2222 -72.2222 27.7778 -27.7778 20100 19900 
0 0 100 -100 20100 19900 
72.1212 -72.1212 27.8788 -27.8788 20100 19900 
-93.1313 93.1313 193.131 -193.131 20100 19900 
-100 100 0 0 19900 20100 
82.4242 -82.4242 17.5758 -17.5758 20100 19900 
76.3636 -76.3636 23.6364 -23.6364 20100 19900 
73.1313 -73.1313 26.8687 -26.8687 20100 19900 
-100 100 0 0 19900 20100 
100 -100 0 0 20100 19900 
70.6061 -70.6061 29.3939 -29.3939 20100 19900 
-85.7576 85.7576 185.758 -185.758 20100 19900 
-100 100 0 0 19900 20100 
84.0909 -84.0909 15.9091 -15.9091 20100 19900 
27.4 -27.4 72.6 -72.6 20100 19900 
-100 100 0 0 19900 20100 
100 -100 0 0 20100 19900 
100 -100 0 0 20100 19900 
-93.1818 93.1818 193.182 -193.182 20100 19900 
-50.101 50.101 150.101 -150.101 20100 19900 
-100 100 0 0 19900 20100 
-100 100 0 0 19900 20100 
100 -100 0 0 20100 19900 
63.2323 -63.2323 36.7677 -36.7677 20100 19900 
100 -100 0 0 20100 19900 
-100 100 0 0 19900 20100 
-100 100 0 0 19900 20100 
-47.5758 47.5758 147.576 -147.576 20100 19900 
-100 100 0 0 19900 20100 
45.1 -45.1 54.9 -54.9 20100 19900 
99.798 -99.798 0.20202 -0.20202 20100 19900 
-100 100 0 0 19900 20100 
10.9091 -10.9091 89.0909 -89.0909 20100 19900 
100 -100 0 0 20100 19900 
-95.2525 95.2525 195.253 -195.253 20100 19900 
100 -100 0 0 20100 19900 
34.3434 -34.3434 65.6566 -65.6566 20100 19900 
100 -100 0 0 20100 19900 
-100 100 0 0 19900 20100 
-100 100 0 0 19900 20100 
100 -100 0 0 20100 19900 
63.2323 -63.2323 36.7677 -36.7677 20100 19900 
100 -100 0 0 20100 19900 
46.1616 -46.1616 53.8384 -53.8384 20100 19900 
-100 100 200 -200 20100 19900 
-100 100 200 -200 20100 19900 
-99.697 99.697 199.697 -199.697 20100 19900 
-100 100 0 0 19900 20100 
-100 100 0 0 19900 20100 
61.0101 -61.0101 38.9899 -38.9899 20100 19900 
-8.88178e-15 5.32907e-15 0 0 20000 20000 
-100 100 0 0 19900 20100 
100 -100 0 0 20100 19900 
100 -100 0 0 20100 19900 
70.7071 -70.7071 29.2929 -29.2929 20100 19900 
-100 100 200 -200 20100 19900 
52.5253 -52.5253 47.4747 -47.4747 20100 19900 
-100 100 200 -200 20100 19900 
80 -80 20 -20 20100 19900 
100 -100 0 0 20100 19900 
-100 100 0 0 19900 20100 
-25.6 25.6 -74.4 74.4 19900 20100 
100 -100 0 0 20100 19900 
78.9899 -76.8899 21.0101 -23.1101 20100 19900 
-100 100 0 0 19900 20100 
90.404 -90.404 9.59596 -9.59596 20100 19900 
100 -100 0 0 20100 19900 
100 -100 0 0 20100 19900 
100 -100 0 0 20100 19900 
45.4545 -45.4545 54.5455 -54.5455 20100 19900 
-100 100 0 0 19900 20100 
89.0909 -89.0909 10.9091 -10.9091 20100 19900 
-99.697 99.697 199.697 -199.697 20100 19900 
-100 100 0 0 19900 20100 
53.9394 -53.9394 46.0606 -46.0606 20100 19900 
100 -100 0 0 20100 19900 
-59.899 59.899 159.899 -159.899 20100 19900 
-100 100 200 -200 20100 19900 
-100 100 0 0 19900 20100 
77.5 -50 22.5 -50 20100 19900 
66.0606 -66.0606 33.9394 -33.9394 20100 19900 
-100 100 0 0 19900 20100 
7.10543e-15 7.10543e-15 0 0 20000 20000 
-56.6667 56.6667 156.667 -156.667 20100 19900 
86.6667 -86.6667 13.3333 -13.3333 20100 19900 
0.10101 -0.10101 99.899 -99.899 20100 19900 
-1.77636e-15 1.77636e-15 100 -100 20100 19900 
52.5253 -52.5253 47.4747 -47.4747 20100 19900 
-100 100 0 0 19900 20100 
-100 100 0 0 19900 20100 
-100 100 0 0 19900 20100 
100 -100 0 0 20100 19900 
-100 100 0 0 19900 20100 
45.3535 -45.3535 54.6465 -54.6465 20100 19900 
25.0505 -25.0505 74.9495 -74.9495 20100 19900 
-56 56 -44 44 19900 20100 
-31.5 31.5 -68.5 68.5 19900 20100 
-95.2525 95.2525 195.253 -195.253 20100 19900 
71.8182 -71.8182 28.1818 -28.1818 20100 19900 
-47.7778 47.7778 147.778 -147.778 20100 19900 
69.899 -69.899 30.101 -30.101 20100 19900 
-100 100 0 0 19900 20100 
-100 100 200 -200 20100 19900 
-41.1111 41.1111 -58.8889 58.8889 19900 20100 
-100 100 0 0 19900 20100 
47.3737 -47.3737 52.6263 -52.6263 20100 19900 
27.5 -27.5 72.5 -72.5 20100 19900 
-44.9495 44.9495 144.949 -144.949 20100 19900 
-100 100 0 0 19900 20100 
-100 100 0 0 19900 20100 
-93.0303 93.0303 193.03 -193.03 20100 19900 
61.4141 -58.1141 38.5859 -41.8859 20100 19900 
100 -100 0 0 20100 19900 
0 0 -100 100 19900 20100 
93.1818 -93.1818 6.81818 -6.81818 20100 19900 
76.3636 -76.3636 23.6364 -23.6364 20100 19900 
100 -100 0 0 20100 19900 
84.4444 -84.4444 15.5556 -15.5556 20100 19900 
-60.303 60.303 160.303 -160.303 20100 19900 
-48.3838 48.3838 148.384 -148.384 20100 19900 
-100 100 0 0 19900 20100 
100 -100 0 0 20100 19900 
-99.5 100 -0.5 0 19900 20100 
-100 100 0 0 19900 20100 
-100 100 0 0 19900 20100 
-100 100 0 0 19900 20100 
90.9091 -90.9091 9.09091 -9.09091 20100 19900 
-28.0808 28.0808 128.081 -128.081 20100 19900 
-30.5051 30.5051 130.505 -130.505 20100 19900 
63.6364 -63.6364 36.3636 -36.3636 20100 19900 
44.1414 -44.1414 55.8586 -55.8586 20100 19900 
-100 100 0 0 19900 20100 
-100 100 0 0 19900 20100 
-10.6061 10.9061 -89.3939 89.0939 19900 20100 
31.0101 -31.0101 68.9899 -68.9899 20100 19900 
-100 100 0 0 19900 20100 
-100 100 0 0 19900 20100 
84.6465 -82.3465 15.3535 -17.6535 20100 19900 
95.8586 -95.8586 4.14141 -4.14141 20100 19900 
85.2525 -85.2525 14.7475 -14.7475 20100 19900 
61.4141 -61.4141 38.5859 -38.5859 20100 19900 
94.7475 -94.7475 5.25253 -5.25253 20100 19900 
-100 100 0 0 19900 20100 
-48.8889 48.8889 148.889 -148.889 20100 19900 
42.2 -42.2 57.8 -57.8 20100 19900 
92.9293 -57.4293 7.07071 -42.5707 20100 19900 
-26.7 26.7 -73.3 73.3 19900 20100 
-100 100 0 0 19900 20100 
-100 100 0 0 19900 20100 
-100 100 0 0 19900 20100 
43.4343 -43.4343 56.5657 -56.5657 20100 19900 
-100 100 200 -200 20100 19900 
-100 100 200 -200 20100 19900 
-100 100 0 0 19900 20100 
71.3131 -71.3131 28.6869 -28.6869 20100 19900 
-100 100 0 0 19900 20100 
-100 100 0 0 19900 20100 
100 -100 0 0 20100 19900 
87.8788 -87.8788 12.1212 -12.1212 20100 19900 
-100 100 0 0 19900 20100 
87.8788 -87.8788 12.1212 -12.1212 20100 19900 
43.3333 -43.3333 56.6667 -56.6667 20100 19900 
56.7677 -56.7677 43.2323 -43.2323 20100 19900 
100 -100 0 0 20100 19900 
44.0404 -44.0404 55.9596 -55.9596 20100 19900 
-83.2323 83.2323 183.232 -183.232 20100 19900 
94.5455 -94.5455 5.45455 -5.45455 20100 19900 
100 -100 0 0 20100 19900 
75.1515 -75.1515 24.8485 -24.8485 20100 19900 
68.3838 -68.3838 31.6162 -31.6162 20100 19900 
100 -100 0 0 20100 19900 
-10.303 10.303 110.303 -110.303 20100 19900 
91.9192 -91.9192 8.08081 -8.08081 20100 19900 
100 -100 0 0 20100 19900 
100 -100 0 0 20100 19900 
-100 100 0 0 19900 20100 
-100 100 0 0 19900 20100 
100 -100 0 0 20100 19900 
60 -60 40 -40 20100 19900 
55.0505 -55.0505 44.9495 -44.9495 20100 19900 
-100 100 0 0 19900 20100 
93.1818 -93.1818 6.81818 -6.81818 20100 19900 
51.3131 -51.3131 48.6869 -48.6869 20100 19900 
-100 100 0 0 19900 20100 
100 -100 0 0 20100 19900 
100 -100 0 0 20100 19900 
100 -100 0 0 20100 19900 
-100 100 0 0 19900 20100 
26.1616 -26.1616 73.8384 -73.8384 20100 19900 
61.0101 -61.0101 38.9899 -38.9899 20100 19900 
-100 100 0 0 19900 20100 
54.1414 -54.1414 45.8586 -45.8586 20100 19900 
100 -100 0 0 20100 19900 
-100 100 200 -200 20100 19900 
-100 100 0 0 19900 20100 
6.46465 -6.46465 93.5354 -93.5354 20100 19900 
-100 100 200 -200 20100 19900 
-100 100 0 0 19900 20100 
-100 100 0 0 19900 20100 
-100 100 200 -200 20100 19900 
-75.1 100 -24.9 0 19900 20100 
100 -100 0 0 20100 19900 
-100 100 0 0 19900 20100 
-100 100 0 0 19900 20100 
-87.7091 90.9091 187.709 -190.909 20100 19900 
-100 100 0 0 19900 20100 
99.3939 -99.3939 0.606061 -0.606061 20100 19900 
-100 100 0 0 19900 20100 
-1.77636e-15 5.32907e-15 0 0 20000 20000 
90.5051 -90.5051 9.49495 -9.49495 20100 19900 
-37 37 -63 63 19900 20100 
-100 100 0 0 19900 20100 
-46.4646 46.4646 146.465 -146.465 20100 19900 
100 -100 0 0 20100 19900 
100 -100 0 0 20100 19900 
74.8485 -74.8485 25.1515 -25.1515 20100 19900 
71.5152 -71.5152 28.4848 -28.4848 20100 19900 
38.2 -38.2 61.8 -61.8 20100 19900 
88.9899 -88.9899 11.0101 -11.0101 20100 19900 
100 -100 -200 200 19900 20100 
71.3131 -71.3131 28.6869 -28.6869 20100 19900 
100 -100 0 0 20100 19900 
64.7475 -64.7475 35.2525 -35.2525 20100 19900 
18.8889 -18.8889 81.1111 -81.1111 20100 19900 
74.5455 -74.5455 25.4545 -25.4545 20100 19900 
63.2323 -63.2323 36.7677 -36.7677 20100 19900 
-56.8687 56.8687 156.869 -156.869 20100 19900 
0 3.55271e-15 0 0 20000 20000 
68.2828 -68.2828 31.7172 -31.7172 20100 19900 
-100 100 200 -200 20100 19900 
100 -100 0 0 20100 19900 
-100 100 0 0 19900 20100 
-100 100 200 -200 20100 19900 
-100 100 0 0 19900 20100 
94.1414 -94.1414 5.85859 -5.85859 20100 19900 
-100 100 0 0 19900 20100 
100 -100 0 0 20100 19900 
-100 100 0 0 19900 20100 
-32 32 -68 68 19900 20100 
95.5556 -95.5556 4.44444 -4.44444 20100 19900 
100 -100 0 0 20100 19900 
100 -100 0 0 20100 19900 
100 -100 0 0 20100 19900 
44 -44 56 -56 20100 19900 
-100 100 0 0 19900 20100 
100 -100 0 0 20100 19900 
91.2121 -91.2121 8.78788 -8.78788 20100 19900 
-100 100 0 0 19900 20100 
98.7879 -98.7879 1.21212 -1.21212 20100 19900 
100 -100 0 0 20100 19900 
97.7778 -97.7778 2.22222 -2.22222 20100 19900 
-82.2222 82.2222 182.222 -182.222 20100 19900 
33.8384 -33.8384 66.1616 -66.1616 20100 19900 
-100 100 0 0 19900 20100 
100 -100 0 0 20100 19900 
54.5455 -54.5455 45.4545 -45.4545 20100 19900 
-100 100 0 0 19900 20100 
100 -93.2 0 -6.8 20100 19900 
82.6263 -82.6263 17.3737 -17.3737 20100 19900 
-100 100 0 0 19900 20100 
-100 100 200 -200 20100 19900 
68.1818 -68.1818 31.8182 -31.8182 20100 19900 
65.8586 -65.8586 34.1414 -34.1414 20100 19900 
-61.6162 61.6162 161.616 -161.616 20100 19900 
-39.1919 39.1919 139.192 -139.192 20100 19900 
7.10543e-15 -3.55271e-15 0 0 20000 20000 
-52.5253 52.5253 152.525 -152.525 20100 19900 
45.4545 -45.4545 54.5455 -54.5455 20100 19900 
-43.1313 43.1313 143.131 -143.131 20100 19900 
100 -100 0 0 20100 19900 
-100 100 0 0 19900 20100 
98.6869 -98.6869 1.31313 -1.31313 20100 19900 
100 -100 0 0 20100 19900 
-52.9293 52.9293 152.929 -152.929 20100 19900 
100 -100 0 0 20100 19900 
100 -100 0 0 20100 19900 
-73.5354 73.5354 173.535 -173.535 20100 19900 
-75.1515 75.1515 175.152 -175.152 20100 19900 
-100 100 0 0 19900 20100 
-100 100 0 0 19900 20100 
-75 75 175 -175 20100 19900 
-100 100 0 0 19900 20100 
-100 100 0 0 19900 20100 
-100 100 0 0 19900 20100 
61.2121 -61.2121 38.7879 -38.7879 20100 19900 
-7.10543e-15 7.10543e-15 0 0 20000 20000 
-100 100 0 0 19900 20100 
100 -100 0 0 20100 19900 
86.9697 -86.9697 13.0303 -13.0303 20100 19900 
-100 100 0 0 19900 20100 
-1.77636e-15 1.77636e-15 100 -100 20100 19900 
71.9192 -71.9192 28.0808 -28.0808 20100 19900 
3.55271e-15 -3.55271e-15 0 0 20000 20000 
100 -100 0 0 20100 19900 
46.5657 -46.5657 53.4343 -53.4343 20100 19900 
100 -100 0 0 20100 19900 
66.8687 -66.8687 33.1313 -33.1313 20100 19900 
-93.3333 93.3333 193.333 -193.333 20100 19900 
67.8788 -67.8788 32.1212 -32.1212 20100 19900 
-100 100 0 0 19900 20100 
100 -100 0 0 20100 19900 
-4.64646 4.64646 104.646 -104.646 20100 19900 
-100 100 0 0 19900 20100 
100 -100 0 0 20100 19900 
-99.798 99.798 199.798 -199.798 20100 19900 
-100 100 0 0 19900 20100 
23.4343 -23.4343 76.5657 -76.5657 20100 19900 
100 -100 0 0 20100 19900 
-53.9394 53.9394 153.939 -153.939 20100 19900 
-100 100 0 0 19900 20100 
0 0 0 0 20000 20000 
9.29293 -9.29293 90.7071 -90.7071 20100 19900 
100 -100 0 0 20100 19900 
-100 100 200 -200 20100 19900 
-42.1212 42.1212 142.121 -142.121 20100 19900 
-30 30 130 -130 20100 19900 
62.8283 -62.8283 37.1717 -37.1717 20100 19900 
-100 100 0 0 19900 20100 
-100 100 0 0 19900 20100 
100 -100 0 0 20100 19900 
63.2323 -63.2323 36.7677 -36.7677 20100 19900 
93.7374 -93.7374 6.26263 -6.26263 20100 19900 
100 -100 0 0 20100 19900 
-52.3 52.3 -47.7 47.7 19900 20100 
100 -100 0 0 20100 19900 
-100 100 0 0 19900 20100 
-100 100 0 0 19900 20100 
-100 100 200 -200 20100 19900 
36.5657 -36.5657 63.4343 -63.4343 20100 19900 
-33.7374 33.7374 133.737 -133.737 20100 19900 
-100 100 0 0 19900 20100 
66.5657 -66.5657 33.4343 -33.4343 20100 19900 
-100 100 0 0 19900 20100 
55.7576 -42.7576 44.2424 -57.2424 20100 19900 
-100 100 200 -200 20100 19900 
-100 100 200 -200 20100 19900 
65.6566 -65.6566 34.3434 -34.3434 20100 19900 
-100 100 0 0 19900 20100 
-100 100 0 0 19900 20100 
100 -100 0 0 20100 19900 
94.1414 -94.1414 5.85859 -5.85859 20100 19900 
100 -100 0 0 20100 19900 
-22.6 22.6 -77.4 77.4 19900 20100 
93.4343 -93.4343 6.56566 -6.56566 20100 19900 
100 -100 0 0 20100 19900 
-45.0505 45.0505 145.051 -145.051 20100 19900 
-60 60 160 -160 20100 19900 
100 -80.9 0 -19.1 20100 19900 
76.3636 -76.3636 23.6364 -23.6364 20100 19900 
-69.0909 69.0909 169.091 -169.091 20100 19900 
-100 100 200 -200 20100 19900 
-100 100 0 0 19900 20100 
90.5051 -90.5051 9.49495 -9.49495 20100 19900 
100 -100 0 0 20100 19900 
-100 100 0 0 19900 20100 
72.7273 -72.7273 27.2727 -27.2727 20100 19900 
2.66454e-15 -2.66454e-15 0 0 20000 20000 
-100 100 0 0 19900 20100 
63.5354 -63.5354 36.4646 -36.4646 20100 19900 
-55.3535 55.3535 155.354 -155.354 20100 19900 
-64.5455 64.5455 164.545 -164.545 20100 19900 
64.8485 -64.8485 35.1515 -35.1515 20100 19900 
49.4949 -49.4949 50.5051 -50.5051 20100 19900 
-100 100 0 0 19900 20100 
100 -100 0 0 20100 19900 
68.0808 -68.0808 31.9192 -31.9192 20100 19900 
-100 100 0 0 19900 20100 
-75.9596 75.9596 175.96 -175.96 20100 19900 
92.0202 -92.0202 7.9798 -7.9798 20100 19900 
69.899 -69.899 30.101 -30.101 20100 19900 
100 -100 0 0 20100 19900 
74.7475 -74.7475 25.2525 -25.2525 20100 19900 
0 7.10543e-15 0 0 20000 20000 
92.3232 -92.3232 7.67677 -7.67677 20100 19900 
5.32907e-15 -3.55271e-15 0 0 20000 20000 
94.1414 -94.1414 5.85859 -5.85859 20100 19900 
-100 100 0 0 19900 20100 
100 -100 0 0 20100 19900 
61.6162 -61.6162 38.3838 -38.3838 20100 19900 
29.2 -29.2 70.8 -70.8 20100 19900 
-74.5455 74.5455 174.545 -174.545 20100 19900 
-98.1818 98.1818 -1.81818 1.81818 19900 20100 
100 -100 0 0 20100 19900 
-78.4848 78.4848 178.485 -178.485 20100 19900 
21.0101 -21.0101 78.9899 -78.9899 20100 19900 
100 -100 0 0 20100 19900 
56.5657 -56.5657 43.4343 -43.4343 20100 19900 
100 -100 0 0 20100 19900 
-100 100 0 0 19900 20100 
100 -100 0 0 20100 19900 
45.9596 -45.9596 54.0404 -54.0404 20100 19900 
-100 100 0 0 19900 20100 
-48.1818 48.1818 148.182 -148.182 20100 19900 
-100 100 0 0 19900 20100 
-100 100 0 0 19900 20100 
100 -100 0 0 20100 19900 
84.0909 -84.0909 15.9091 -15.9091 20100 19900 
-100 100 0 0 19900 20100 
75.1515 -75.1515 24.8485 -24.8485 20100 19900 
-100 100 0 0 19900 20100 
0 0 100 -100 20100 19900 
100 -100 0 0 20100 19900 
-93.3333 93.3333 193.333 -193.333 20100 19900 
-100 100 0 0 19900 20100 
-66.9818 88.1818 166.982 -188.182 20100 19900 
-26.8 26.8 -73.2 73.2 19900 20100 
-63.2323 63.2323 163.232 -163.232 20100 19900 
-100 100 0 0 19900 20100 
100 -100 0 0 20100 19900 
100 -100 0 0 20100 19900 
92.2222 -92.2222 7.77778 -7.77778 20100 19900 
-100 100 200 -200 20100 19900 
-94.3434 94.3434 194.343 -194.343 20100 19900 
-100 100 0 0 19900 20100 
-46.9 46.9 -53.1 53.1 19900 20100 
37.4747 -37.4747 62.5253 -62.5253 20100 19900 
-100 100 200 -200 20100 19900 
-100 100 0 0 19900 20100 
-1.77636e-15 1.77636e-15 100 -100 20100 19900 
100 -100 0 0 20100 19900 
-55.4545 55.4545 155.455 -155.455 20100 19900 
-53.6364 53.6364 153.636 -153.636 20100 19900 
74.3434 -74.3434 25.6566 -25.6566 20100 19900 
-100 100 0 0 19900 20100 
43.8384 -43.8384 56.1616 -56.1616 20100 19900 
49.3939 -49.3939 50.6061 -50.6061 20100 19900 
-50 64.6 -50 35.4 19900 20100 
-36.8687 36.8687 -63.1313 63.1313 19900 20100 
60.101 -60.101 39.899 -39.899 20100 19900 
36.8687 -36.8687 63.1313 -63.1313 20100 19900 
32.4242 -32.4242 67.5758 -67.5758 20100 19900 
-37.0707 37.0707 137.071 -137.071 20100 19900 
38.6869 -38.6869 61.3131 -61.3131 20100 19900 
-100 100 200 -200 20100 19900 
-100 100 0 0 19900 20100 
63.3333 -63.3333 36.6667 -36.6667 20100 19900 
100 -100 0 0 20100 19900 
100 -100 0 0 20100 19900 
-100 100 200 -200 20100 19900 
-100 100 0 0 19900 20100 
-100 100 200 -200 20100 19900 
81.8182 -81.8182 18.1818 -18.1818 20100 19900 
-38.9899 38.9899 -61.0101 61.0101 19900 20100 
36.3636 -36.3636 63.6364 -63.6364 20100 19900 
100 -100 0 0 20100 19900 
-100 100 0 0 19900 20100 
-100 100 0 0 19900 20100 
61.8182 -61.8182 38.1818 -38.1818 20100 19900 
-100 100 0 0 19900 20100 
54.1414 -54.1414 45.8586 -45.8586 20100 19900 
-63.2323 63.2323 163.232 -163.232 20100 19900 
84.4444 -84.4444 15.5556 -15.5556 20100 19900 
21.9192 -21.9192 78.0808 -78.0808 20100 19900 
-100 100 0 0 19900 20100 
100 -100 0 0 20100 19900 
100 -100 0 0 20100 19900 
7.10543e-15 7.10543e-15 0 0 20000 20000 
56.0606 -56.0606 43.9394 -43.9394 20100 19900 
90.5051 -90.5051 9.49495 -9.49495 20100 19900 
92.3232 -78.5232 7.67677 -21.4768 20100 19900 
70.7071 -70.7071 29.2929 -29.2929 20100 19900 
100 -100 0 0 20100 19900 
-100 100 0 0 19900 20100 
100 -100 0 0 20100 19900 
100 -100 0 0 20100 19900 
-100 100 0 0 19900 20100 
85.6566 -85.6566 14.3434 -14.3434 20100 19900 
100 -100 0 0 20100 19900 
45.1515 -45.1515 54.8485 -54.8485 20100 19900 
100 -100 0 0 20100 19900 
100 -100 0 0 20100 19900 
100 -100 0 0 20100 19900 
100 -100 0 0 20100 19900 
-66.7677 66.7677 166.768 -166.768 20100 19900 
-69.4949 69.4949 169.495 -169.495 20100 19900 
100 -100 0 0 20100 19900 
96.7677 -96.7677 3.23232 -3.23232 20100 19900 
-29.3939 29.3939 129.394 -129.394 20100 19900 
-100 100 0 0 19900 20100 
100 -100 0 0 20100 19900 
90.7071 -90.7071 9.29293 -9.29293 20100 19900 
-100 100 0 0 19900 20100 
-51.5152 51.5152 151.515 -151.515 20100 19900 
-100 100 0 0 19900 20100 
100 -100 0 0 20100 19900 
-55.7576 55.7576 155.758 -155.758 20100 19900 
-100 100 0 0 19900 20100 
-100 100 0 0 19900 20100 
100 -100 0 0 20100 19900 
92.3232 -92.3232 7.67677 -7.67677 20100 19900 
-100 100 200 -200 20100 19900 
-100 100 0 0 19900 20100 
100 -100 0 0 20100 19900 
100 -100 0 0 20100 19900 
70 -70 30 -30 20100 19900 
37.1 -37.1 62.9 -62.9 20100 19900 
27.0707 -27.0707 72.9293 -72.9293 20100 19900 
0 -1.42109e-14 100 -100 20100 19900 
-100 100 0 0 19900 20100 
-100 100 0 0 19900 20100 
65.6566 -65.6566 34.3434 -34.3434 20100 19900 
-100 100 0 0 19900 20100 
25.7576 -25.7576 74.2424 -74.2424 20100 19900 
100 -100 0 0 20100 19900 
100 -100 0 0 20100 19900 
-100 100 0 0 19900 20100 
21.9 -21.9 78.1 -78.1 20100 19900 
57.8788 -57.8788 42.1212 -42.1212 20100 19900 
-100 100 0 0 19900 20100 
-100 100 0 0 19900 20100 
-100 100 0 0 19900 20100 
-100 100 0 0 19900 20100 
-100 100 0 0 19900 20100 
-100 100 0 0 19900 20100 
-100 100 0 0 19900 20100 
0 0 0 0 20000 20000 
-52.0202 52.0202 152.02 -152.02 20100 19900 
-100 100 0 0 19900 20100 
-60.303 60.303 160.303 -160.303 20100 19900 
-100 100 0 0 19900 20100 
74.5455 -74.5455 25.4545 -25.4545 20100 19900 
100 -100 0 0 20100 19900 
100 -100 0 0 20100 19900 
-60 60 160 -160 20100 19900 
-7.10543e-15 7.10543e-15 100 -100 20100 19900 
90.9091 -90.9091 9.09091 -9.09091 20100 19900 
100 -100 0 0 20100 19900 
58.7879 -58.7879 41.2121 -41.2121 20100 19900 
-100 100 0 0 19900 20100 
-6.21725e-15 6.21725e-15 0 0 20000 20000 
-36.5657 36.5657 136.566 -136.566 20100 19900 
-43.6 43.6 143.6 -143.6 20100 19900 
100 -100 0 0 20100 19900 
86.3636 -86.3636 13.6364 -13.6364 20100 19900 
28.8889 -28.8889 71.1111 -71.1111 20100 19900 
-100 100 0 0 19900 20100 
87.3737 -87.3737 12.6263 -12.6263 20100 19900 
25.8586 -25.8586 74.1414 -74.1414 20100 19900 
-76.3636 76.3636 176.364 -176.364 20100 19900 
65.3535 -65.3535 34.6465 -34.6465 20100 19900 
-100 100 0 0 19900 20100 
-100 100 0 0 19900 20100 
100 -100 0 0 20100 19900 
99.1919 -99.1919 0.808081 -0.808081 20100 19900 
71.7172 -71.7172 28.2828 -28.2828 20100 19900 
-53.0303 53.0303 153.03 -153.03 20100 19900 
52.5253 -52.5253 47.4747 -47.4747 20100 19900 
-52.1212 52.1212 152.121 -152.121 20100 19900 
100 -100 0 0 20100 19900 
-79.1919 79.1919 179.192 -179.192 20100 19900 
95.5556 -95.5556 4.44444 -4.44444 20100 19900 
-100 100 0 0 19900 20100 
100 -100 0 0 20100 19900 
-100 100 0 0 19900 20100 
69.0909 -69.0909 30.9091 -30.9091 20100 19900 
100 -100 0 0 20100 19900 
43.4343 -43.4343 56.5657 -56.5657 20100 19900 
52.9293 -52.9293 47.0707 -47.0707 20100 19900 
42.2222 -42.2222 57.7778 -57.7778 20100 19900 
22.2222 -22.2222 77.7778 -77.7778 20100 19900 
100 -100 0 0 20100 19900 
-100 100 0 0 19900 20100 
100 -100 0 0 20100 19900 
92.7273 -92.7273 7.27273 -7.27273 20100 19900 
-100 100 0 0 19900 20100 
100 -100 0 0 20100 19900 
-54.8485 54.8485 154.848 -154.848 20100 19900 
-100 100 0 0 19900 20100 
30.7071 -30.7071 69.2929 -69.2929 20100 19900 
-100 100 0 0 19900 20100 
65.4545 -65.4545 34.5455 -34.5455 20100 19900 
-70.303 70.303 170.303 -170.303 20100 19900 
-100 100 0 0 19900 20100 
-100 100 0 0 19900 20100 
-17.8788 17.8788 117.879 -117.879 20100 19900 
100 -100 0 0 20100 19900 
100 -100 0 0 20100 19900 
6.36364 -6.36364 93.6364 -93.6364 20100 19900 
100 -100 0 0 20100 19900 
-100 100 0 0 19900 20100 
38.7879 -38.7879 61.2121 -61.2121 20100 19900 
-100 100 0 0 19900 20100 
100 -100 0 0 20100 19900 
-100 100 0 0 19900 20100 
-100 100 0 0 19900 20100 
100 -100 0 0 20100 19900 
-100 100 200 -200 20100 19900 
-100 100 200 -200 20100 19900 
-69.697 69.697 169.697 -169.697 20100 19900 
-100 100 0 0 19900 20100 
-100 100 0 0 19900 20100 
8.28283 -8.28283 91.7172 -91.7172 20100 19900 
-100 100 0 0 19900 20100 
100 -100 0 0 20100 19900 
51.7172 -51.7172 48.2828 -48.2828 20100 19900 
-28.1 28.1 -71.9 71.9 19900 20100 
-100 100 0 0 19900 20100 
81.8182 -74.5182 18.1818 -25.4818 20100 19900 
62.7 -62.7 37.3 -37.3 20100 19900 
82.1212 -68.3212 17.8788 -31.6788 20100 19900 
-67.9798 67.9798 167.98 -167.98 20100 19900 
59.798 -59.798 40.202 -40.202 20100 19900 
100 -100 0 0 20100 19900 
-87.3737 87.3737 187.374 -187.374 20100 19900 
-50 69.9 -50 30.1 19900 20100 
-52.4242 52.4242 152.424 -152.424 20100 19900 
-100 100 0 0 19900 20100 
73.9394 -73.9394 26.0606 -26.0606 20100 19900 
52.5253 -52.5253 47.4747 -47.4747 20100 19900 
-100 100 0 0 19900 20100 
-59.596 59.596 159.596 -159.596 20100 19900 
-100 100 0 0 19900 20100 
-100 100 0 0 19900 20100 
-100 100 0 0 19900 20100 
50.5051 -50.5051 49.4949 -49.4949 20100 19900 
-100 100 0 0 19900 20100 
-100 100 0 0 19900 20100 
-100 100 0 0 19900 20100 
-100 100 0 0 19900 20100 
52.1212 -52.1212 47.8788 -47.8788 20100 19900 
96.3636 -96.3636 3.63636 -3.63636 20100 19900 
100 -100 0 0 20100 19900 
-99.0909 99.0909 -0.909091 0.909091 19900 20100 
-93.1818 93.1818 -6.81818 6.81818 19900 20100 
-100 100 0 0 19900 20100 
-50.8 50.8 -49.2 49.2 19900 20100 
89.3939 -89.3939 10.6061 -10.6061 20100 19900 
-100 100 0 0 19900 20100 
82.6263 -82.6263 17.3737 -17.3737 20100 19900 
68.8889 -68.8889 31.1111 -31.1111 20100 19900 
100 -100 0 0 20100 19900 
-84.3434 84.3434 184.343 -184.343 20100 19900 
100 -100 0 0 20100 19900 
100 -100 0 0 20100 19900 
25 -25 75 -75 20100 19900 
-29.0909 29.0909 129.091 -129.091 20100 19900 
-91.5152 91.5152 191.515 -191.515 20100 19900 
100 -100 0 0 20100 19900 
63.4343 -63.4343 36.5657 -36.5657 20100 19900 
76.9697 -76.9697 23.0303 -23.0303 20100 19900 
-100 100 0 0 19900 20100 
-100 100 0 0 19900 20100 
-88.8889 88.8889 188.889 -188.889 20100 19900 
-3.55271e-15 3.55271e-15 0 0 20000 20000 
51.1111 -51.1111 48.8889 -48.8889 20100 19900 
63.2323 -63.2323 36.7677 -36.7677 20100 19900 
40.303 -40.303 59.697 -59.697 20100 19900 
-93.1818 93.1818 -6.81818 6.81818 19900 20100 
25.9 -25.9 74.1 -74.1 20100 19900 
100 -100 0 0 20100 19900 
100 -100 0 0 20100 19900 
68.0808 -68.0808 31.9192 -31.9192 20100 19900 
38.2828 -38.2828 61.7172 -61.7172 20100 19900 
-34.4 34.4 -65.6 65.6 19900 20100 
18.7879 -18.7879 81.2121 -81.2121 20100 19900 
100 -100 0 0 20100 19900 
-56.0606 56.0606 156.061 -156.061 20100 19900 
-68.8 68.8 -31.2 31.2 19900 20100 
100 -100 0 0 20100 19900 
56.8687 -56.8687 43.1313 -43.1313 20100 19900 
39.4949 -39.4949 60.5051 -60.5051 20100 19900 
64.4444 -64.4444 35.5556 -35.5556 20100 19900 
-91.4141 91.4141 191.414 -191.414 20100 19900 
100 -100 0 0 20100 19900 
-100 100 0 0 19900 20100 
-100 100 0 0 19900 20100 
-100 100 0 0 19900 20100 
100 -100 0 0 20100 19900 
-100 100 0 0 19900 20100 
-63.8 63.8 -36.2 36.2 19900 20100 
55.7576 -55.7576 44.2424 -44.2424 20100 19900 
-30.101 30.101 130.101 -130.101 20100 19900 
66.6667 -66.6667 33.3333 -33.3333 20100 19900 
-80.8081 80.8081 180.808 -180.808 20100 19900 
-100 100 0 0 19900 20100 
100 -100 0 0 20100 19900 
-100 100 0 0 19900 20100 
100 -100 0 0 20100 19900 
-100 100 0 0 19900 20100 
100 -100 0 0 20100 19900 
-100 100 0 0 19900 20100 
-35.0505 35.0505 135.051 -135.051 20100 19900 
69.1919 -69.1919 30.8081 -30.8081 20100 19900 
-100 100 0 0 19900 20100 
-100 100 200 -200 20100 19900 
100 -100 0 0 20100 19900 
6.9697 -6.9697 93.0303 -93.0303 20100 19900 
-100 100 0 0 19900 20100 
-100 100 0 0 19900 20100 
100 -100 0 0 20100 19900 
-100 100 0 0 19900 20100 
-100 100 0 0 19900 20100 
-2.52525 2.52525 102.525 -102.525 20100 19900 
-100 100 200 -200 20100 19900 
-98.6869 98.6869 198.687 -198.687 20100 19900 
31.8182 -31.8182 68.1818 -68.1818 20100 19900 
58.0808 -58.0808 41.9192 -41.9192 20100 19900 
69.899 -69.899 30.101 -30.101 20100 19900 
-86.3636 86.3636 -13.6364 13.6364 19900 20100 
-100 100 0 0 19900 20100 
59.697 -59.697 40.303 -40.303 20100 19900 
52.5253 -52.5253 47.4747 -47.4747 20100 19900 
100 -100 0 0 20100 19900 
-100 100 0 0 19900 20100 
-100 100 0 0 19900 20100 
-100 100 0 0 19900 20100 
-100 100 0 0 19900 20100 
86.7677 -86.7677 13.2323 -13.2323 20100 19900 
-100 100 200 -200 20100 19900 
68.8889 -68.8889 31.1111 -31.1111 20100 19900 
-100 100 0 0 19900 20100 
69.899 -69.899 30.101 -30.101 20100 19900 
100 -100 0 0 20100 19900 
-100 100 0 0 19900 20100 
92.5253 -92.5253 7.47475 -7.47475 20100 19900 
-100 100 0 0 19900 20100 
37.9798 -37.9798 62.0202 -62.0202 20100 19900 
-22.8 22.8 -77.2 77.2 19900 20100 
-100 100 0 0 19900 20100 
-100 100 0 0 19900 20100 
100 -100 0 0 20100 19900 
52.1212 -52.1212 47.8788 -47.8788 20100 19900 
93.9394 -93.9394 6.06061 -6.06061 20100 19900 
100 -100 0 0 20100 19900 
100 -100 0 0 20100 19900 
100 -100 0 0 20100 19900 
54.5455 -54.5455 45.4545 -45.4545 20100 19900 
-5.05051 5.05051 105.051 -105.051 20100 19900 
-100 100 0 0 19900 20100 
-93.1818 93.1818 -6.81818 6.81818 19900 20100 
-94.0404 94.0404 194.04 -194.04 20100 19900 
25.7 -25.7 74.3 -74.3 20100 19900 
99.3939 -99.3939 0.606061 -0.606061 20100 19900 
100 -100 0 0 20100 19900 
-100 100 0 0 19900 20100 
-100 100 0 0 19900 20100 
52.8283 -52.8283 47.1717 -47.1717 20100 19900 
-100 100 0 0 19900 20100 