358.909 -358.909 541.091 -541.091 900 -900 0 
31.4 -31.4 168.6 -168.6 200 -200 1 
49.2 -49.2 0.8 -0.8 50 -50 0 
-31.2 31.2 -68.8 68.8 -100 100 1 
-644.4 644.4 144.4 -144.4 -500 500 0 
763.455 -763.455 436.545 -436.545 1200 -1200 0 
-77.2727 77.2727 -22.7273 22.7273 -100 100 1 
-271.222 271.222 -228.778 228.778 -500 500 1 
24.6 -24.6 -124.6 124.6 -100 100 0 
-733.057 733.057 -666.943 666.943 -1400 1400 1 
100 -100 0 0 100 -100 0 
145.455 -145.455 154.545 -154.545 300 -300 1 
-208.1 208.1 8.1 -8.1 -200 200 0 
110.655 -110.655 189.345 -189.345 300 -300 0 
-41.9192 41.9192 -58.0808 58.0808 -100 100 1 
30.3 -30.3 69.7 -69.7 100 -100 1 
23.2 -23.2 -123.2 123.2 -100 100 0 
30285.1 -30285.1 -10285.1 10285.1 20000 -20000 0 
-888.727 888.727 -2711.27 2711.27 -3600 3600 1 
-29 29 -71 71 -100 100 1 
-252 252 -48 48 -300 300 0 
35.2 -35.2 14.8 -14.8 50 -50 0 
69.4 -50 30.6 -50 100 -100 1 
100 -100 0 0 100 -100 0 
73.0152 -73.0152 526.985 -526.985 600 -600 1 
225.727 -225.727 74.2727 -74.2727 300 -300 0 
-84.0909 84.0909 84.0909 -84.0909 -9.9476e-14 9.9476e-14 1 
-374.606 374.606 -225.394 225.394 -600 600 1 
-18.5 18.5 68.5 -68.5 50 -50 0 
192.521 -192.521 107.479 -107.479 300 -300 0 
-36.6 36.6 86.6 -86.6 50 -50 0 
37.6 -37.6 62.4 -62.4 100 -100 1 
108.485 -108.485 -408.485 408.485 -300 300 1 
133.224 -133.224 166.776 -166.776 300 -300 0 
8999.64 -8999.64 11000.4 -11000.4 20000 -20000 1 
34.5 -34.5 15.5 -15.5 50 -50 0 
-595.667 595.667 -4.33333 4.33333 -600 600 1 
448.873 -448.873 751.127 -751.127 1200 -1200 0 
-45.1515 45.1515 145.152 -145.152 100 -100 0 
-80.5 80.5 -19.5 19.5 -100 100 1 
179.1 -179.1 20.9 -20.9 200 -200 1 
591.364 -591.364 8.63636 -8.63636 600 -600 0 
-73.5354 73.5354 -26.4646 26.4646 -100 100 1 
530.4 -530.4 69.6 -69.6 600 -600 0 
-465.405 465.405 -284.595 284.595 -750 750 0 
-146.982 146.982 -53.0182 53.0182 -200 200 1 
-9.09091 9.09091 -90.9091 90.9091 -100 100 0 
-157.388 157.388 -142.612 142.612 -300 300 0 
231.236 -231.236 168.764 -168.764 400 -400 1 
30.3838 -30.3838 -230.384 230.384 -200 200 1 
-118.788 118.788 -81.2121 81.2121 -200 200 0 
111.018 -111.018 -411.018 411.018 -300 300 0 
4.7 -4.7 -104.7 104.7 -100 100 1 
-127.273 127.273 -272.727 272.727 -400 400 1 
33.5 -33.5 66.5 -66.5 100 -100 0 
331.8 -331.8 918.2 -918.2 1250 -1250 1 
4639.45 -4639.45 -1514.45 1514.45 3125 -3125 0 
0.1 -0.1 49.9 -49.9 50 -50 0 
-3513.85 3513.85 -3986.15 3986.15 -7500 7500 1 
29.6 -29.6 -129.6 129.6 -100 100 1 