-100 100 0 0 -100 100 6 
-100 100 0 0 -100 100 9 
-100 100 0 0 -100 100 9 
100 -100 0 0 100 -100 9 
100 -100 0 0 100 -100 9 
-100 100 0 0 -100 100 9 
-100 100 0 0 -100 100 9 
-100 100 0 0 -100 100 9 
-100 100 0 0 -100 100 8 
-100 100 0 0 -100 100 9 
100 -100 0 0 100 -100 9 
100 -100 0 0 100 -100 9 
-100 100 0 0 -100 100 9 
-100 100 0 0 -100 100 9 
-100 100 0 0 -100 100 9 
-100 100 0 0 -100 100 9 
99.596 -99.596 0.40404 -0.40404 100 -100 3 
100 -100 0 0 100 -100 9 
-100 100 0 0 -100 100 9 
-100 100 0 0 -100 100 9 
-100 100 0 0 -100 100 9 
-100 100 0 0 -100 100 9 
100 -100 0 0 100 -100 9 
-100 100 0 0 -100 100 9 
100 -100 0 0 100 -100 9 
-100 100 0 0 -100 100 8 
-100 100 0 0 -100 100 9 
-86.3636 86.3636 -13.6364 13.6364 -100 100 6 
-100 100 0 0 -100 100 8 
100 -100 0 0 100 -100 9 
100 -100 0 0 100 -100 9 
-93.1818 93.1818 -6.81818 6.81818 -100 100 6 
100 -100 0 0 100 -100 7 
-3.55271e-15 1.77636e-15 0 0 -3.55271e-15 1.77636e-15 9 
-93.1818 93.1818 -6.81818 6.81818 -100 100 6 
100 -100 0 0 100 -100 9 
100 -100 0 0 100 -100 7 
100 -100 0 0 100 -100 9 
-100 100 0 0 -100 100 9 
100 -100 0 0 100 -100 7 
100 -100 0 0 100 -100 9 
100 -100 0 0 100 -100 9 
-100 100 0 0 -100 100 9 
-100 100 0 0 -100 100 9 
-7.10543e-15 7.10543e-15 0 0 -7.10543e-15 7.10543e-15 9 
-100 100 0 0 -100 100 9 
35.1 -35.1 64.9 -64.9 100 -100 1 
-100 100 0 0 -100 100 9 
-100 100 0 0 -100 100 9 
-100 100 0 0 -100 100 9 
100 -100 0 0 100 -100 9 
-100 100 0 0 -100 100 9 
-100 100 0 0 -100 100 8 
-100 100 0 0 -100 100 9 
100 -100 0 0 100 -100 9 
100 -100 -20100 20100 -20000 20000 6 
0 1.42109e-14 0 0 0 1.42109e-14 9 
-100 100 0 0 -100 100 9 
6.21725e-15 -6.21725e-15 0 0 6.21725e-15 -6.21725e-15 9 
45.7 -45.7 54.3 -54.3 100 -100 1 
-100 100 0 0 -100 100 9 
-100 100 0 0 -100 100 9 
100 -100 0 0 100 -100 9 
-100 100 0 0 -100 100 9 
100 -100 0 0 100 -100 9 
84.0909 -84.0909 15.9091 -15.9091 100 -100 5 
100 -100 0 0 100 -100 9 
-7.10543e-15 7.10543e-15 -20000 20000 -20000 20000 8 
-100 100 0 0 -100 100 9 
100 -100 0 0 100 -100 9 
100 -85.55 0 -14.45 100 -100 9 
100 -100 0 0 100 -100 9 
-100 100 0 0 -100 100 9 
-100 100 0 0 -100 100 9 
100 -100 0 0 100 -100 7 
-100 100 0 0 -100 100 9 
-100 100 0 0 -100 100 9 
-100 100 0 0 -100 100 9 
-7.10543e-15 0 0 0 -7.10543e-15 0 9 
-3.55271e-15 3.55271e-15 0 0 -3.55271e-15 3.55271e-15 9 
-100 101.35 0 -1.35 -100 100 9 
-100 100 0 0 -100 100 9 
-100 100 0 0 -100 100 9 
-100 100 0 0 -100 100 9 
100 -100 0 0 100 -100 9 
-100 100 0 0 -100 100 9 
-100 100 0 0 -100 100 9 
-100 100 -19900 19900 -20000 20000 6 
-100 100 0 0 -100 100 9 
-100 100 0 0 -100 100 8 
100 -100 0 0 100 -100 9 
-100 100 0 0 -100 100 9 
-100 100 0 0 -100 100 9 
100 -100 0 0 100 -100 9 
-100 100 0 0 -100 100 9 
100 -100 0 0 100 -100 9 
100 -100 0 0 100 -100 9 
-100 100 0 0 -100 100 8 
100 -100 0 0 100 -100 9 
-100 100 0 0 -100 100 9 
100 -100 0 0 100 -100 7 
100 -100 0 0 100 -100 9 
100 -100 0 0 100 -100 9 
100 -100 0 0 100 -100 9 
100 -100 0 0 100 -100 7 
-100 100 0 0 -100 100 8 
-100 100 0 0 -100 100 9 
-100 100 0 0 -100 100 8 
-100 100 0 0 -100 100 9 
100 -100 -20100 20100 -20000 20000 8 
100 -100 0 0 100 -100 9 
100 -100 0 0 100 -100 9 
100 -100 0 0 100 -100 9 
-100 100 0 0 -100 100 8 
100 -100 0 0 100 -100 9 
-100 100 0 0 -100 100 6 
-100 100 0 0 -100 100 9 
-100 100 0 0 -100 100 9 
100 -100 0 0 100 -100 9 
-100 100 0 0 -100 100 8 
100 -100 0 0 100 -100 9 
100 -100 0 0 100 -100 9 
100 -100 0 0 100 -100 9 
-100 100 0 0 -100 100 9 
100 -100 0 0 100 -100 5 
-100 100 0 0 -100 100 9 
100 -100 0 0 100 -100 9 
-84.0909 84.0909 -15.9091 15.9091 -100 100 6 
100 -100 0 0 100 -100 9 
-47.05 47.05 -52.95 52.95 -100 100 2 
100 -100 0 0 100 -100 9 
100 -100 0 0 100 -100 9 
100 -100 0 0 100 -100 9 
100 -96.5 0 -3.5 100 -100 9 
100 -100 0 0 100 -100 9 
100 -100 0 0 100 -100 9 
-84.0909 84.0909 -15.9091 15.9091 -100 100 6 
100 -100 0 0 100 -100 9 
-100 100 0 0 -100 100 9 
100 -100 0 0 100 -100 9 
7.10543e-15 -7.10543e-15 0 0 7.10543e-15 -7.10543e-15 9 
100 -100 0 0 100 -100 9 
-100 100 0 0 -100 100 9 
-100 100 0 0 -100 100 9 
1.42109e-14 0 0 0 1.42109e-14 0 9 
-100 100 0 0 -100 100 8 
-100 100.9 0 -0.9 -100 100 9 
-100 100 0 0 -100 100 9 
100 -100 0 0 100 -100 9 
100 -100 0 0 100 -100 9 
-100 100 0 0 -100 100 9 
-100 100 0 0 -100 100 9 
-100 100 0 0 -100 100 9 
-100 100 0 0 -100 100 9 
-3.55271e-15 3.55271e-15 0 0 -3.55271e-15 3.55271e-15 9 
100 -100 0 0 100 -100 9 
-100 100 0 0 -100 100 9 
-100 100 0 0 -100 100 9 
-100 100 0 0 -100 100 9 
100 -100 0 0 100 -100 7 
-100 100 0 0 -100 100 9 
-100 100 0 0 -100 100 9 
100 -100 0 0 100 -100 9 
-100 100 0 0 -100 100 9 
-100 100 0 0 -100 100 9 
-100 100 0 0 -100 100 9 
-100 100 0 0 -100 100 9 
98.7879 -98.7879 1.21212 -1.21212 100 -100 3 
-100 100 0 0 -100 100 9 
100 -100 0 0 100 -100 7 
-100 100 0 0 -100 100 9 
100 -100 0 0 100 -100 9 
-54.8 54.8 -45.2 45.2 -100 100 2 
100 -100 0 0 100 -100 9 
-100 100 0 0 -100 100 9 
0 0 0 0 0 0 9 
-100 100 0 0 -100 100 9 
100 -100 0 0 100 -100 7 
-100 100 -19900 19900 -20000 20000 8 
100 -100 0 0 100 -100 9 
-100 100 0 0 -100 100 9 
-100 100 0 0 -100 100 9 
-100 100 0 0 -100 100 9 
100 -100 0 0 100 -100 9 
100 -100 0 0 100 -100 9 
100 -100 0 0 100 -100 9 
-100 100 0 0 -100 100 9 
100 -100 0 0 100 -100 9 
-100 100 0 0 -100 100 9 
100 -100 0 0 100 -100 9 
100 -100 0 0 100 -100 7 
-100 100 0 0 -100 100 9 
-100 100 0 0 -100 100 9 
100 -100 0 0 100 -100 9 
-100 100 0 0 -100 100 9 
-100 100 0 0 -100 100 9 
-100 100 0 0 -100 100 9 
100 -100 0 0 100 -100 9 
-33.65 33.65 -66.35 66.35 -100 100 2 
100 -100 0 0 100 -100 7 
100 -100 0 0 100 -100 9 
-100 100 0 0 -100 100 9 
-3.55271e-15 3.55271e-15 0 0 -3.55271e-15 3.55271e-15 9 
100 -100 0 0 100 -100 9 
100 -91.15 0 -8.85 100 -100 9 
100 -100 0 0 100 -100 9 
-100 100 0 0 -100 100 9 
-100 100 0 0 -100 100 9 
3.9968e-15 -3.55271e-15 0 0 3.9968e-15 -3.55271e-15 9 
-100 100 0 0 -100 100 9 
100 -100 0 0 100 -100 7 
-100 100 0 0 -100 100 9 
-100 100 0 0 -100 100 9 
100 -100 0 0 100 -100 9 
-100 100 0 0 -100 100 9 
100 -100 0 0 100 -100 9 
-67.4 67.4 -32.6 32.6 -100 100 2 
100 -100 0 0 100 -100 9 
-100 100 0 0 -100 100 9 
-66.75 66.75 -33.25 33.25 -100 100 2 
100 -100 0 0 100 -100 9 
100 -100 0 0 100 -100 9 
-100 100 0 0 -100 100 8 
-100 100 0 0 -100 100 9 
-100 100 0 0 -100 100 8 
-100 100 0 0 -100 100 9 
100 -100 0 0 100 -100 9 
100 -100 0 0 100 -100 9 
100 -100 0 0 100 -100 9 
-100 100 0 0 -100 100 9 
-65.6 65.6 -34.4 34.4 -100 100 2 
-100 100 0 0 -100 100 9 
-100 100 0 0 -100 100 9 
100 -100 0 0 100 -100 9 
100 -100 0 0 100 -100 9 
-100 100 0 0 -100 100 6 
100 -100 0 0 100 -100 9 
100 -100 0 0 100 -100 9 
100 -100 0 0 100 -100 9 
-100 100 0 0 -100 100 9 
29.7 -29.7 70.3 -70.3 100 -100 1 
100 -100 0 0 100 -100 9 
-100 100 0 0 -100 100 9 
100 -100 0 0 100 -100 7 
100 -78.8 0 -21.2 100 -100 9 
-100 100 0 0 -100 100 9 
-100 100 0 0 -100 100 9 
-100 100 0 0 -100 100 9 
100 -100 0 0 100 -100 9 
100 -100 0 0 100 -100 9 
-100 100 0 0 -100 100 6 
100 -100 0 0 100 -100 9 
100 -100 0 0 100 -100 7 
-20.05 20.05 -79.95 79.95 -100 100 2 
100 -100 0 0 100 -100 9 
100 -100 0 0 100 -100 7 
-100 100 0 0 -100 100 9 
-100 100 0 0 -100 100 9 
-100 100 0 0 -100 100 9 
-100 100 0 0 -100 100 9 
-100 100 0 0 -100 100 9 
-100 100 0 0 -100 100 9 
-100 100 0 0 -100 100 9 
-100 100 0 0 -100 100 9 
100 -100 0 0 100 -100 9 
100 -96.2 0 -3.8 100 -100 9 
58.35 -50 41.65 -50 100 -100 1 
26 -26 74 -74 100 -100 1 
100 -100 0 0 100 -100 9 
100 -100 0 0 100 -100 9 
84.0909 -84.0909 15.9091 -15.9091 100 -100 5 
100 -100 0 0 100 -100 7 
-100 100 0 0 -100 100 9 
100 -100 0 0 100 -100 9 
100 -100 0 0 100 -100 9 
-34 34 -66 66 -100 100 2 
-30.3 30.3 -69.7 69.7 -100 100 2 
-100 100 0 0 -100 100 9 
100 -100 0 0 100 -100 9 
-100 100 0 0 -100 100 9 
-100 100 0 0 -100 100 9 
-100 100 0 0 -100 100 9 
-100 100 0 0 -100 100 9 
-5.32907e-15 5.32907e-15 0 0 -5.32907e-15 5.32907e-15 9 
100 -100 -20100 20100 -20000 20000 6 
100 -100 0 0 100 -100 7 
100 -100 0 0 100 -100 9 
100 -100 0 0 100 -100 9 
-100 100 0 0 -100 100 9 
100 -100 0 0 100 -100 9 
100 -100 0 0 100 -100 9 
-100 100 0 0 -100 100 9 
100 -100 0 0 100 -100 9 
100 -100 0 0 100 -100 9 
100 -100 0 0 100 -100 9 
100 -100 0 0 100 -100 9 
-100 100 0 0 -100 100 8 
-100 100 0 0 -100 100 9 
-100 100 0 0 -100 100 9 
100 -100 0 0 100 -100 9 
-100 100 0 0 -100 100 9 
-100 100 0 0 -100 100 9 
0 0 0 0 0 0 9 
100 -100 0 0 100 -100 9 
-100 100 0 0 -100 100 8 
100 -99.9 0 -0.1 100 -100 9 
100 -79.25 0 -20.75 100 -100 9 
100 -100 0 0 100 -100 9 
-100 100 0 0 -100 100 9 
-100 100 0 0 -100 100 9 
-100 100 0 0 -100 100 9 
100 -100 0 0 100 -100 9 
-100 100 0 0 -100 100 9 
-100 100 0 0 -100 100 9 
-100 100 0 0 -100 100 9 
-100 100 0 0 -100 100 8 
100 -100 0 0 100 -100 9 
-100 100 0 0 -100 100 9 
100 -100 0 0 100 -100 9 
100 -100 0 0 100 -100 9 
1.06581e-14 3.55271e-15 0 0 1.06581e-14 3.55271e-15 9 
100 -100 0 0 100 -100 9 
100 -89.8 0 -10.2 100 -100 9 
100 -100 0 0 100 -100 9 
-100 100 0 0 -100 100 9 
-100 100 0 0 -100 100 9 
100 -100 0 0 100 -100 9 
100 -100 0 0 100 -100 9 
-100 100 0 0 -100 100 9 
-100 100 0 0 -100 100 9 
100 -100 0 0 100 -100 9 
-4.44089e-15 4.44089e-15 0 0 -4.44089e-15 4.44089e-15 9 
100 -100 0 0 100 -100 9 
-100 100 0 0 -100 100 9 
1.77636e-15 -1.77636e-15 0 0 1.77636e-15 -1.77636e-15 9 
-100 100 0 0 -100 100 9 
-61.6 61.6 -38.4 38.4 -100 100 2 
100 -100 0 0 100 -100 9 
-100 100 0 0 -100 100 9 
100 -100 0 0 100 -100 9 
100 -100 0 0 100 -100 9 
100 -100 0 0 100 -100 9 
100 -100 0 0 100 -100 7 
-78.65 78.65 -21.35 21.35 -100 100 2 
100 -100 0 0 100 -100 9 
-38.8 38.8 -61.2 61.2 -100 100 2 
-100 100 0 0 -100 100 9 
-100 100 0 0 -100 100 9 
-100 100 0 0 -100 100 9 
100 -74.4 0 -25.6 100 -100 9 
100 -100 0 0 100 -100 9 
-100 100 0 0 -100 100 6 
-93.1818 93.1818 -6.81818 6.81818 -100 100 6 
100 -100 0 0 100 -100 9 
-7.45 7.45 107.45 -107.45 100 -100 1 
-100 100 0 0 -100 100 9 
-100 100 0 0 -100 100 8 
-100 100 0 0 -100 100 8 
-100 100 0 0 -100 100 9 
-100 100 0 0 -100 100 9 
-100 100 0 0 -100 100 9 
-100 100 0 0 -100 100 9 
-100 100 0 0 -100 100 9 
-100 100 0 0 -100 100 9 
-100 100 0 0 -100 100 9 
100 -100 0 0 100 -100 9 
100 -100 0 0 100 -100 9 
-100 100 0 0 -100 100 9 
100 -100 0 0 100 -100 9 
100 -100 0 0 100 -100 9 
-31.7 31.7 -68.3 68.3 -100 100 2 
100 -100 0 0 100 -100 9 
100 -100 0 0 100 -100 7 
100 -100 0 0 100 -100 5 
-100 100 0 0 -100 100 9 
100 -100 0 0 100 -100 9 
-100 100 0 0 -100 100 9 
100 -100 0 0 100 -100 9 
68.1818 -68.1818 31.8182 -31.8182 100 -100 5 
-99.0909 99.0909 -0.909091 0.909091 -100 100 4 
-100 100 0 0 -100 100 9 
93.1818 -93.1818 6.81818 -6.81818 100 -100 5 
100 -100 0 0 100 -100 9 
93.1818 -93.1818 6.81818 -6.81818 100 -100 5 
59.85 -50 40.15 -50 100 -100 1 
100 -100 0 0 100 -100 9 
100 -100 0 0 100 -100 7 
100 -100 0 0 100 -100 9 
-100 100 0 0 -100 100 9 
100 -100 0 0 100 -100 9 
-100 100 0 0 -100 100 9 
100 -100 0 0 100 -100 7 
-100 100 0 0 -100 100 9 
100 -100 0 0 100 -100 9 
-100 100 0 0 -100 100 9 
50.05 -50 49.95 -50 100 -100 1 
-3.55271e-15 3.55271e-15 0 0 -3.55271e-15 3.55271e-15 9 
-100 100 0 0 -100 100 9 
100 -100 0 0 100 -100 9 
100 -100 0 0 100 -100 5 
-100 100 0 0 -100 100 9 
100 -100 0 0 100 -100 9 
85.9596 -85.9596 14.0404 -14.0404 100 -100 3 
-100 100 0 0 -100 100 9 
-93.4343 93.4343 -6.56566 6.56566 -100 100 4 
100 -100 0 0 100 -100 9 
-100 100 0 0 -100 100 9 
-100 100 0 0 -100 100 6 
-100 100 0 0 -100 100 9 
-100 100 0 0 -100 100 8 
-100 100 0 0 -100 100 9 
0 1.42109e-14 0 0 0 1.42109e-14 9 
-35.25 35.25 -64.75 64.75 -100 100 2 
-100 100 0 0 -100 100 9 
100 -100 0 0 100 -100 9 
-100 100 0 0 -100 100 9 
100 -100 0 0 100 -100 9 
-100 100 0 0 -100 100 9 
-100 100 0 0 -100 100 9 
100 -100 0 0 100 -100 9 
-100 100 0 0 -100 100 9 
-100 100 0 0 -100 100 6 
100 -100 0 0 100 -100 9 
100 -100 0 0 100 -100 9 
74.6465 -74.6465 25.3535 -25.3535 100 -100 3 
65.15 -50 34.85 -50 100 -100 1 
100 -100 0 0 100 -100 9 
-100 100 0 0 -100 100 9 
-100 100 0 0 -100 100 9 
-100 100 0 0 -100 100 8 
-100 100 0 0 -100 100 9 
100 -100 0 0 100 -100 7 
-100 100 0 0 -100 100 9 
100 -100 0 0 100 -100 7 
100 -100 0 0 100 -100 9 
-100 100 0 0 -100 100 9 
-34.65 34.65 -65.35 65.35 -100 100 2 
100 -100 0 0 100 -100 7 
100 -100 0 0 100 -100 9 
100 -100 0 0 100 -100 9 
100 -100 0 0 100 -100 9 
-100 100 0 0 -100 100 9 
100 -100 0 0 100 -100 9 
-100 100 0 0 -100 100 6 
1.42109e-14 0 0 0 1.42109e-14 0 9 
100 -100 0 0 100 -100 9 
95.4545 -95.4545 4.54545 -4.54545 100 -100 5 
98.7879 -98.7879 1.21212 -1.21212 100 -100 3 
100 -100 0 0 100 -100 9 
100 -100 0 0 100 -100 5 
100 -100 0 0 100 -100 9 
100 -100 0 0 100 -100 9 
100 -100 0 0 100 -100 9 
100 -100 0 0 100 -100 7 
100 -100 0 0 100 -100 9 
100 -100 0 0 100 -100 7 
100 -100 0 0 100 -100 9 
100 -100 0 0 100 -100 9 
100 -98.75 0 -1.25 100 -100 9 
-100 100 0 0 -100 100 9 
-100 100 0 0 -100 100 9 
-100 100 0 0 -100 100 9 
92.5253 -92.5253 7.47475 -7.47475 100 -100 3 
-100 100 0 0 -100 100 9 
-100 100 0 0 -100 100 9 
-100 100 0 0 -100 100 9 
100 -100 0 0 100 -100 9 
-100 100 0 0 -100 100 9 
-100 100 0 0 -100 100 9 
-100 100 0 0 -100 100 9 
-100 100 0 0 -100 100 9 
-100 100 0 0 -100 100 9 
-68.1818 68.1818 -31.8182 31.8182 -100 100 6 
100 -100 0 0 100 -100 9 
-100 100 0 0 -100 100 9 
100 -100 0 0 100 -100 5 
100 -100 0 0 100 -100 9 
100 -100 0 0 100 -100 9 
71.95 -50 28.05 -50 100 -100 1 
100 -100 0 0 100 -100 9 
-93.1818 93.1818 -6.81818 6.81818 -100 100 6 
100 -100 0 0 100 -100 9 
-81.8182 81.8182 -18.1818 18.1818 -100 100 6 
-100 100 0 0 -100 100 9 
100 -100 0 0 100 -100 9 
-100 100 0 0 -100 100 9 
-100 100 0 0 -100 100 9 
100 -100 0 0 100 -100 9 
-100 100 0 0 -100 100 9 
-100 100 0 0 -100 100 9 
-100 100 0 0 -100 100 6 
100 -100 0 0 100 -100 9 
-100 100 0 0 -100 100 8 
-100 100 0 0 -100 100 9 
-100 104.35 0 -4.35 -100 100 9 
-100 100 0 0 -100 100 8 
-100 100 0 0 -100 100 9 
-100 100 0 0 -100 100 9 
-100 100 0 0 -100 100 9 
0 0 0 0 0 0 9 
-100 100 0 0 -100 100 9 
-100 100 0 0 -100 100 9 
-100 100 0 0 -100 100 9 
100 -100 0 0 100 -100 9 
100 -100 0 0 100 -100 9 
-100 100 0 0 -100 100 8 
-100 100 0 0 -100 100 9 
7.10543e-15 -7.10543e-15 0 0 7.10543e-15 -7.10543e-15 9 
100 -100 0 0 100 -100 9 
-100 100 0 0 -100 100 9 
-100 100 0 0 -100 100 9 
-100 100 0 0 -100 100 9 
-100 100 0 0 -100 100 9 
-100 100 0 0 -100 100 9 
100 -100 0 0 100 -100 9 
-56.8182 56.8182 -43.1818 43.1818 -100 100 6 
100 -100 0 0 100 -100 9 
-100 100 0 0 -100 100 9 
100 -100 0 0 100 -100 9 
-100 100 0 0 -100 100 9 
-100 100 0 0 -100 100 8 
-100 100 0 0 -100 100 9 
100 -100 0 0 100 -100 9 
47.7273 -47.7273 52.2727 -52.2727 100 -100 5 
100 -100 0 0 100 -100 9 
100 -100 0 0 100 -100 9 
0 -7.10543e-15 -20000 20000 -20000 20000 8 
100 -100 0 0 100 -100 9 
-100 100 0 0 -100 100 9 
100 -100 0 0 100 -100 7 
-84.0909 84.0909 -15.9091 15.9091 -100 100 6 
93.3333 -93.3333 6.66667 -6.66667 100 -100 3 
77.2 -50 22.8 -50 100 -100 1 
100 -100 0 0 100 -100 9 
100 -100 0 0 100 -100 9 
-100 100 0 0 -100 100 8 
-100 100 0 0 -100 100 9 
100 -100 0 0 100 -100 7 
-100 100 0 0 -100 100 9 
100 -85.5 0 -14.5 100 -100 9 
100 -100 0 0 100 -100 9 
100 -100 0 0 100 -100 9 
100 -100 0 0 100 -100 9 
73.75 -50 26.25 -50 100 -100 1 
-100 100 0 0 -100 100 9 
-100 100 0 0 -100 100 9 
100 -100 0 0 100 -100 5 
1.42109e-14 1.42109e-14 0 0 1.42109e-14 1.42109e-14 9 
-100 104.1 0 -4.1 -100 100 9 
1.42109e-14 0 0 0 1.42109e-14 0 9 
100 -100 0 0 100 -100 9 
100 -100 0 0 100 -100 3 
-100 100 0 0 -100 100 9 
100 -100 0 0 100 -100 9 
-100 100 0 0 -100 100 9 
-100 100 0 0 -100 100 8 
-100 100 0 0 -100 100 8 
-100 100 0 0 -100 100 9 
100 -100 0 0 100 -100 9 
100 -100 0 0 100 -100 9 
100 -100 0 0 100 -100 9 
-24 24 -76 76 -100 100 2 
-100 100 0 0 -100 100 9 
100 -100 0 0 100 -100 7 
-100 100 0 0 -100 100 9 
100 -100 0 0 100 -100 9 
-100 100 0 0 -100 100 9 
-100 100 0 0 -100 100 9 
100 -100 0 0 100 -100 9 
100 -100 0 0 100 -100 9 
-100 100 0 0 -100 100 9 
100 -100 0 0 100 -100 9 
-99.3939 99.3939 -0.606061 0.606061 -100 100 4 
-100 100 0 0 -100 100 9 
100 -100 0 0 100 -100 9 
100 -100 0 0 100 -100 9 
100 -100 0 0 100 -100 9 
-100 100 0 0 -100 100 9 
100 -100 0 0 100 -100 5 
-100 100 -19900 19900 -20000 20000 8 
-100 100 0 0 -100 100 9 
100 -93.7 0 -6.3 100 -100 7 
100 -100 0 0 100 -100 9 
100 -100 0 0 100 -100 9 
100 -100 0 0 100 -100 9 
100 -100 0 0 100 -100 9 
-100 100 0 0 -100 100 8 
-100 100 0 0 -100 100 9 
-100 100 0 0 -100 100 8 
100 -100 0 0 100 -100 9 
100 -100 0 0 100 -100 9 
100 -100 0 0 100 -100 7 
100 -100 0 0 100 -100 9 
-100 100 0 0 -100 100 9 
100 -97.3 0 -2.7 100 -100 9 
-100 100 0 0 -100 100 9 
-100 100 0 0 -100 100 9 
100 -100 0 0 100 -100 9 
100 -100 0 0 100 -100 9 
100 -100 0 0 100 -100 9 
100 -100 0 0 100 -100 9 
100 -87.1 0 -12.9 100 -100 9 
0 0 0 0 0 0 9 
-100 100 0 0 -100 100 9 
-100 100 0 0 -100 100 9 
-100 100 0 0 -100 100 9 
100 -100 0 0 100 -100 9 
-100 100 0 0 -100 100 9 
-100 100 0 0 -100 100 9 
-72.85 72.85 -27.15 27.15 -100 100 2 
-67.05 67.05 -32.95 32.95 -100 100 2 
100 -100 0 0 100 -100 5 
100 -100 0 0 100 -100 9 
7.7 -7.7 -107.7 107.7 -100 100 2 
100 -100 0 0 100 -100 9 
100 -100 0 0 100 -100 9 
-100 100 0 0 -100 100 9 
-100 100 0 0 -100 100 9 
100 -100 0 0 100 -100 7 
-100 100 0 0 -100 100 6 
-100 100 0 0 -100 100 9 
100 -100 0 0 100 -100 9 
-100 100 0 0 -100 100 9 
-28.35 28.35 -71.65 71.65 -100 100 2 
-100 100 0 0 -100 100 9 
-100 100 0 0 -100 100 8 
97.8788 -97.8788 2.12121 -2.12121 100 -100 3 
-100 100 0 0 -100 100 9 
-100 100 0 0 -100 100 9 
100 -100 0 0 100 -100 5 
-100 100 0 0 -100 100 9 
-100 100 0 0 -100 100 9 
-100 100 0 0 -100 100 9 
100 -75.1 0 -24.9 100 -100 9 
-93.1818 93.1818 -6.81818 6.81818 -100 100 6 
-100 100 0 0 -100 100 9 
100 -100 0 0 100 -100 9 
100 -100 0 0 100 -100 9 
-63.6364 63.6364 -36.3636 36.3636 -100 100 6 
-100 100 0 0 -100 100 9 
100 -98.8 0 -1.2 100 -100 9 
-100 100 0 0 -100 100 9 
100 -100 0 0 100 -100 9 
-100 100 0 0 -100 100 9 
100 -100 0 0 100 -100 9 
100 -100 0 0 100 -100 9 
-100 100 0 0 -100 100 9 
100 -100 0 0 100 -100 9 
100 -100 0 0 100 -100 9 
100 -100 0 0 100 -100 9 
100 -100 0 0 100 -100 9 
-100 100 0 0 -100 100 9 
100 -100 0 0 100 -100 9 
100 -100 0 0 100 -100 9 
100 -100 0 0 100 -100 9 
100 -100 0 0 100 -100 9 
-100 100 0 0 -100 100 9 
-100 100 0 0 -100 100 9 
-100 100 0 0 -100 100 9 
-100 100 0 0 -100 100 9 
-100 100 0 0 -100 100 6 
100 -100 0 0 100 -100 9 
100 -100 0 0 100 -100 7 
100 -100 0 0 100 -100 9 
100 -100 0 0 100 -100 7 
100 -100 0 0 100 -100 9 
100 -100 0 0 100 -100 9 
100 -100 0 0 100 -100 9 
100 -100 0 0 100 -100 9 
36.75 -36.75 63.25 -63.25 100 -100 1 
-100 100 0 0 -100 100 9 
-100 100 0 0 -100 100 9 
100 -100 0 0 100 -100 9 
-100 100 0 0 -100 100 9 
-100 100 0 0 -100 100 9 
100 -100 0 0 100 -100 9 
100 -100 0 0 100 -100 9 
100 -100 0 0 100 -100 9 
100 -100 0 0 100 -100 9 
-100 100 0 0 -100 100 9 
-100 100 0 0 -100 100 9 
100 -100 0 0 100 -100 9 
100 -100 0 0 100 -100 9 
-100 100 0 0 -100 100 9 
-100 100 0 0 -100 100 9 
100 -100 0 0 100 -100 9 
100 -100 0 0 100 -100 9 
1.42109e-14 -1.42109e-14 0 0 1.42109e-14 -1.42109e-14 9 
100 -100 0 0 100 -100 9 
100 -100 0 0 100 -100 9 
-55.85 55.85 -44.15 44.15 -100 100 2 
-95.4545 95.4545 -4.54545 4.54545 -100 100 6 
100 -100 0 0 100 -100 5 
100 -100 0 0 100 -100 9 
7.10543e-15 -7.10543e-15 0 0 7.10543e-15 -7.10543e-15 9 
-87.75 87.75 -12.25 12.25 -100 100 2 
-100 100 0 0 -100 100 9 
-100 100 0 0 -100 100 9 
100 -100 0 0 100 -100 9 
-100 100 0 0 -100 100 9 
-2.66454e-15 2.66454e-15 0 0 -2.66454e-15 2.66454e-15 9 
-100 100 0 0 -100 100 9 
-100 100 0 0 -100 100 9 
-100 100 0 0 -100 100 9 
68.1818 -68.1818 31.8182 -31.8182 100 -100 5 
-100 100 0 0 -100 100 9 
-100 100 0 0 -100 100 9 
100 -100 0 0 100 -100 9 
-100 100 0 0 -100 100 9 
-100 100 0 0 -100 100 8 
100 -100 0 0 100 -100 9 
100 -100 0 0 100 -100 9 
-100 100 0 0 -100 100 9 
-100 100 0 0 -100 100 9 
-100 100 0 0 -100 100 9 
100 -100 0 0 100 -100 9 
100 -100 0 0 100 -100 9 
100 -100 0 0 100 -100 9 
100 -100 0 0 100 -100 9 
100 -100 0 0 100 -100 9 
100 -100 0 0 100 -100 9 
-100 100 0 0 -100 100 8 
100 -100 0 0 100 -100 9 
100 -100 0 0 100 -100 9 
-100 100 0 0 -100 100 9 
100 -100 0 0 100 -100 9 
-100 100 0 0 -100 100 9 
100 -100 0 0 100 -100 9 
100 -100 0 0 100 -100 7 
100 -100 0 0 100 -100 9 
-100 100 0 0 -100 100 8 
-100 100 0 0 -100 100 9 
100 -100 0 0 100 -100 9 
-100 100 0 0 -100 100 8 
-100 100 0 0 -100 100 9 
-100 100 0 0 -100 100 9 
-100 100 0 0 -100 100 9 
88.9899 -88.9899 11.0101 -11.0101 100 -100 3 
100 -100 0 0 100 -100 9 
-98.7879 98.7879 -1.21212 1.21212 -100 100 4 
100 -100 0 0 100 -100 9 
-100 100 0 0 -100 100 9 
-100 100 0 0 -100 100 9 
-100 100 0 0 -100 100 6 
100 -100 0 0 100 -100 7 
100 -100 0 0 100 -100 9 
100 -100 0 0 100 -100 9 
100 -100 0 0 100 -100 9 
100 -100 0 0 100 -100 9 
-100 100 0 0 -100 100 9 
7.10543e-15 -3.55271e-15 0 0 7.10543e-15 -3.55271e-15 9 
-100 100 0 0 -100 100 9 
-100 100 0 0 -100 100 8 
-100 100 0 0 -100 100 9 
-100 100 0 0 -100 100 9 
100 -100 0 0 100 -100 9 
100 -100 0 0 100 -100 9 
-100 100 0 0 -100 100 9 
7.10543e-15 -7.10543e-15 0 0 7.10543e-15 -7.10543e-15 9 
100 -100 0 0 100 -100 9 
-100 100 0 0 -100 100 9 
100 -100 0 0 100 -100 9 
-100 100 0 0 -100 100 9 
-93.1818 93.1818 -6.81818 6.81818 -100 100 6 
100 -100 0 0 100 -100 9 
100 -100 0 0 100 -100 9 
100 -100 0 0 100 -100 9 
2.66454e-15 -2.66454e-15 0 0 2.66454e-15 -2.66454e-15 9 
100 -100 0 0 100 -100 7 
74.8485 -74.8485 25.1515 -25.1515 100 -100 3 
100 -100 0 0 100 -100 9 
-100 100 0 0 -100 100 9 
100 -100 0 0 100 -100 9 
-100 100 0 0 -100 100 9 
99.0909 -99.0909 0.909091 -0.909091 100 -100 3 
-100 100 0 0 -100 100 8 
100 -100 0 0 100 -100 9 
-100 100 0 0 -100 100 6 
-100 100 0 0 -100 100 9 
-100 100 0 0 -100 100 9 
-100 100 0 0 -100 100 9 
100 -100 0 0 100 -100 9 
-100 100 0 0 -100 100 9 
-100 100 0 0 -100 100 9 
-100 100 0 0 -100 100 9 
-100 100 0 0 -100 100 8 
100 -100 0 0 100 -100 9 
86.3636 -86.3636 13.6364 -13.6364 100 -100 5 
100 -77.25 0 -22.75 100 -100 7 
100 -100 0 0 100 -100 9 
-100 100 0 0 -100 100 9 
-100 100 0 0 -100 100 9 
0 0 -20000 20000 -20000 20000 6 
100 -100 0 0 100 -100 7 
-84.0909 84.0909 -15.9091 15.9091 -100 100 6 
-100 100 0 0 -100 100 9 
-100 100 0 0 -100 100 9 
-100 100 0 0 -100 100 9 
100 -100 0 0 100 -100 7 
-100 100 0 0 -100 100 9 
100 -100 0 0 100 -100 9 
-100 100 0 0 -100 100 9 
-100 100 0 0 -100 100 9 
100 -100 0 0 100 -100 9 
-100 100 0 0 -100 100 8 
-100 100 0 0 -100 100 9 
-100 100 0 0 -100 100 9 
-100 100 0 0 -100 100 9 
67.05 -50 32.95 -50 100 -100 1 
-100 100 0 0 -100 100 8 
-100 100 0 0 -100 100 9 
100 -100 0 0 100 -100 9 
-100 100 0 0 -100 100 9 
-100 100 0 0 -100 100 9 
-100 100 0 0 -100 100 9 
0 0 -20000 20000 -20000 20000 8 
-68.5 68.5 -31.5 31.5 -100 100 2 
100 -100 0 0 100 -100 9 
100 -100 0 0 100 -100 7 
-100 100 0 0 -100 100 9 
-100 100 0 0 -100 100 9 
-100 100 0 0 -100 100 9 
-100 100 0 0 -100 100 9 
-75 75 -25 25 -100 100 2 
100 -77.6 0 -22.4 100 -100 9 
100 -100 0 0 100 -100 7 
-100 100 0 0 -100 100 9 
-100 100 0 0 -100 100 9 
-100 100 0 0 -100 100 9 
100 -100 0 0 100 -100 9 
-100 100 0 0 -100 100 9 
100 -100 0 0 100 -100 9 
100 -100 0 0 100 -100 9 
-100 100 0 0 -100 100 9 
100 -100 0 0 100 -100 9 
-100 100 0 0 -100 100 9 
-100 100 0 0 -100 100 8 
100 -100 0 0 100 -100 7 
-100 100 0 0 -100 100 8 
100 -100 0 0 100 -100 9 
100 -100 0 0 100 -100 9 
-100 100 0 0 -100 100 9 
-100 100 0 0 -100 100 9 
-100 100 0 0 -100 100 9 
-100 100 0 0 -100 100 9 
-3.55271e-15 0 0 0 -3.55271e-15 0 9 
100 -100 0 0 100 -100 9 
-100 100 0 0 -100 100 9 
-100 100 0 0 -100 100 9 
100 -100 0 0 100 -100 9 
100 -100 0 0 100 -100 9 
100 -100 -20100 20100 -20000 20000 8 
93.1818 -93.1818 6.81818 -6.81818 100 -100 5 
-100 100 0 0 -100 100 6 
-100 100 0 0 -100 100 9 
-100 100 -19900 19900 -20000 20000 8 
0 0 0 0 0 0 9 
100 -100 0 0 100 -100 7 
100 -100 0 0 100 -100 9 
-100 100 0 0 -100 100 8 
-7.10543e-15 7.10543e-15 0 0 -7.10543e-15 7.10543e-15 9 
100 -100 0 0 100 -100 9 
-100 100 0 0 -100 100 8 
-100 100 0 0 -100 100 8 
100 -100 0 0 100 -100 7 
-100 100 0 0 -100 100 8 
100 -100 0 0 100 -100 9 
100 -100 0 0 100 -100 7 
100 -100 0 0 100 -100 9 
-100 100 0 0 -100 100 9 
100 -100 0 0 100 -100 9 
-100 100 0 0 -100 100 9 
-100 100 0 0 -100 100 9 
100 -100 0 0 100 -100 9 
0 0 -20000 20000 -20000 20000 8 
95.4545 -95.4545 4.54545 -4.54545 100 -100 5 
100 -100 0 0 100 -100 9 
100 -100 0 0 100 -100 9 
-100 100 0 0 -100 100 8 
-35.6 35.6 -64.4 64.4 -100 100 2 
-100 100 0 0 -100 100 9 
100 -100 0 0 100 -100 9 
100 -100 0 0 100 -100 9 
-100 100 0 0 -100 100 9 
-60.3 60.3 -39.7 39.7 -100 100 2 
100 -100 0 0 100 -100 9 
100 -100 0 0 100 -100 9 
-100 100 0 0 -100 100 6 
-100 100 0 0 -100 100 9 
-100 100 0 0 -100 100 9 
-75 75 -25 25 -100 100 6 
100 -100 0 0 100 -100 9 
-100 100 0 0 -100 100 9 
-100 100 0 0 -100 100 9 
-100 100 0 0 -100 100 9 
100 -100 0 0 100 -100 9 
100 -100 0 0 100 -100 9 
-100 100 0 0 -100 100 8 
-75.9 75.9 -24.1 24.1 -100 100 2 
-100 100 0 0 -100 100 9 
-100 100 0 0 -100 100 9 
-100 100 0 0 -100 100 9 
-100 100 0 0 -100 100 9 
-100 100 0 0 -100 100 9 
-100 100 0 0 -100 100 9 
-100 100 0 0 -100 100 9 
-100 100 0 0 -100 100 9 
100 -100 0 0 100 -100 9 
7.10543e-15 7.10543e-15 0 0 7.10543e-15 7.10543e-15 9 
-100 100 0 0 -100 100 8 
-45.95 45.95 -54.05 54.05 -100 100 2 
100 -100 0 0 100 -100 9 
-100 100 0 0 -100 100 9 
-100 100 0 0 -100 100 9 
100 -100 0 0 100 -100 9 
-100 100 0 0 -100 100 9 
100 -100 0 0 100 -100 9 
-100 100 0 0 -100 100 6 
-100 100 0 0 -100 100 9 
100 -100 0 0 100 -100 9 
100 -100 0 0 100 -100 9 
100 -100 0 0 100 -100 9 
-100 100 0 0 -100 100 9 
-100 100 0 0 -100 100 9 
100 -100 0 0 100 -100 9 
-75 75 -25 25 -100 100 6 
100 -100 0 0 100 -100 9 
-100 100 0 0 -100 100 9 
100 -100 0 0 100 -100 9 
-100 100 0 0 -100 100 9 
-100 100 0 0 -100 100 9 
-100 100 0 0 -100 100 9 
100 -100 0 0 100 -100 9 
-32.25 32.25 -67.75 67.75 -100 100 2 
-3.55271e-15 -1.06581e-14 0 0 -3.55271e-15 -1.06581e-14 9 
100 -100 0 0 100 -100 9 
100 -100 0 0 100 -100 9 
-100 100 0 0 -100 100 8 
-100 100 0 0 -100 100 9 
-100 100 0 0 -100 100 9 
-100 100 0 0 -100 100 9 
-22.85 22.85 -77.15 77.15 -100 100 2 
100 -100 0 0 100 -100 9 
100 -100 0 0 100 -100 7 
100 -100 0 0 100 -100 9 
74.95 -50 25.05 -50 100 -100 1 
100 -100 0 0 100 -100 9 
-100 100 0 0 -100 100 9 
100 -100 0 0 100 -100 9 
66 -50 34 -50 100 -100 1 
-100 100 0 0 -100 100 9 
-100 100 0 0 -100 100 9 
-100 100 0 0 -100 100 9 
-100 100 0 0 -100 100 9 
100 -100 0 0 100 -100 9 
-100 100 0 0 -100 100 6 
0 -7.10543e-15 0 0 0 -7.10543e-15 9 
100 -100 0 0 100 -100 9 
-100 100 0 0 -100 100 9 
-100 100 0 0 -100 100 9 
100 -100 0 0 100 -100 9 
100 -100 0 0 100 -100 9 
100 -100 0 0 100 -100 9 
-100 100 0 0 -100 100 9 
-100 100 0 0 -100 100 9 
100 -100 0 0 100 -100 9 
100 -98.95 0 -1.05 100 -100 9 
-100 100 0 0 -100 100 9 
100 -100 0 0 100 -100 9 
100 -100 0 0 100 -100 9 
100 -100 0 0 100 -100 9 
100 -100 0 0 100 -100 9 
-100 100 0 0 -100 100 9 
-100 100 0 0 -100 100 9 
100 -100 0 0 100 -100 9 
-100 100 0 0 -100 100 9 
100 -100 0 0 100 -100 9 
100 -100 0 0 100 -100 9 
-100 100 0 0 -100 100 9 
-100 100 0 0 -100 100 9 
100 -100 0 0 100 -100 9 
-100 100 0 0 -100 100 9 
100 -100 0 0 100 -100 9 
-100 100 0 0 -100 100 9 
-100 100 0 0 -100 100 9 
100 -100 0 0 100 -100 9 
100 -100 0 0 100 -100 9 
100 -100 0 0 100 -100 9 
-100 100 0 0 -100 100 8 
-100 100 0 0 -100 100 9 
-100 100 0 0 -100 100 9 
100 -100 0 0 100 -100 9 
100 -100 0 0 100 -100 9 
-1.42109e-14 -1.42109e-14 0 0 -1.42109e-14 -1.42109e-14 9 
100 -100 0 0 100 -100 9 
100 -97.25 0 -2.75 100 -100 9 
-100 100 0 0 -100 100 9 
100 -100 0 0 100 -100 9 
100 -100 0 0 100 -100 9 
97.7273 -97.7273 2.27273 -2.27273 100 -100 5 
100 -100 0 0 100 -100 9 
-100 100 0 0 -100 100 9 
100 -100 0 0 100 -100 9 
-100 100 0 0 -100 100 9 
100 -100 0 0 100 -100 9 
100 -100 0 0 100 -100 9 
100 -100 0 0 100 -100 9 
100 -100 0 0 100 -100 9 
100 -100 0 0 100 -100 9 
-100 100 0 0 -100 100 9 
-100 100 0 0 -100 100 9 
-100 101.25 0 -1.25 -100 100 9 
100 -100 0 0 100 -100 9 
-100 100 0 0 -100 100 9 
100 -100 0 0 100 -100 7 
100 -100 0 0 100 -100 9 
2.66454e-15 -2.66454e-15 0 0 2.66454e-15 -2.66454e-15 9 
-100 100 0 0 -100 100 9 
5.32907e-15 -5.32907e-15 0 0 5.32907e-15 -5.32907e-15 9 
-100 100 0 0 -100 100 9 
-100 100 0 0 -100 100 9 
100 -100 0 0 100 -100 9 
-100 100 0 0 -100 100 9 
5.32907e-15 -5.32907e-15 0 0 5.32907e-15 -5.32907e-15 9 
0 0 0 0 0 0 9 
-100 100 0 0 -100 100 9 
-100 100 0 0 -100 100 9 
-100 100 0 0 -100 100 9 
100 -100 0 0 100 -100 9 
-100 100 0 0 -100 100 9 
-100 100 0 0 -100 100 9 
-100 100 0 0 -100 100 9 
100 -100 0 0 100 -100 9 
100 -100 0 0 100 -100 9 
-100 100 0 0 -100 100 9 
-100 100 0 0 -100 100 9 
-100 100 0 0 -100 100 9 
100 -100 0 0 100 -100 7 
-100 100 0 0 -100 100 9 
-100 100 0 0 -100 100 9 
-7.10543e-15 0 0 0 -7.10543e-15 0 9 
-100 100 0 0 -100 100 9 
100 -100 0 0 100 -100 9 
100 -100 0 0 100 -100 7 
-100 100 0 0 -100 100 9 
-100 100 0 0 -100 100 9 
100 -100 0 0 100 -100 9 
75.4 -50 24.6 -50 100 -100 1 
-100 100 0 0 -100 100 9 
-100 100 0 0 -100 100 9 
-5.32907e-15 5.32907e-15 -20000 20000 -20000 20000 6 
100 -100 0 0 100 -100 9 
-100 100 0 0 -100 100 9 
100 -100 0 0 100 -100 9 
-100 100 0 0 -100 100 9 
-81.8182 81.8182 -18.1818 18.1818 -100 100 6 
-100 100 0 0 -100 100 9 
100 -100 0 0 100 -100 9 
-100 100 0 0 -100 100 8 
100 -100 0 0 100 -100 9 
-100 100 0 0 -100 100 4 
-100 100 0 0 -100 100 9 
-100 100 0 0 -100 100 8 
100 -100 0 0 100 -100 7 
-100 100 0 0 -100 100 8 
-100 100 0 0 -100 100 9 
-100 100 0 0 -100 100 9 
100 -100 0 0 100 -100 9 
-100 100 0 0 -100 100 9 
-100 100 0 0 -100 100 9 
1.77636e-15 -1.77636e-15 0 0 1.77636e-15 -1.77636e-15 9 
-100 100 0 0 -100 100 6 
-100 100 -19900 19900 -20000 20000 8 
100 -100 0 0 100 -100 7 
-100 100 0 0 -100 100 9 
100 -100 0 0 100 -100 9 
100 -100 0 0 100 -100 9 
-100 100 0 0 -100 100 9 
100 -100 0 0 100 -100 9 
-100 100 0 0 -100 100 9 
-100 100 0 0 -100 100 8 
-100 100 0 0 -100 100 9 
-100 100 0 0 -100 100 9 
100 -100 0 0 100 -100 9 
-100 100 0 0 -100 100 9 
-100 100 0 0 -100 100 9 
-100 100 0 0 -100 100 9 
-100 100 0 0 -100 100 8 
100 -100 0 0 100 -100 9 
100 -100 0 0 100 -100 9 
-100 100 0 0 -100 100 9 
100 -100 0 0 100 -100 9 
71.0101 -71.0101 28.9899 -28.9899 100 -100 3 
-100 100 0 0 -100 100 9 
100 -100 0 0 100 -100 9 
100 -100 0 0 100 -100 9 
-100 100 0 0 -100 100 8 
100 -100 0 0 100 -100 7 
-100 100 0 0 -100 100 9 
100 -100 0 0 100 -100 7 
100 -100 0 0 100 -100 9 
0 1.42109e-14 0 0 0 1.42109e-14 9 
-100 100 -19900 19900 -20000 20000 8 
-25.8 25.8 -74.2 74.2 -100 100 2 
-100 100 0 0 -100 100 9 
100 -100 0 0 100 -100 9 
-100 100 0 0 -100 100 9 
100 -100 0 0 100 -100 5 
-7.10543e-15 3.55271e-15 0 0 -7.10543e-15 3.55271e-15 9 
100 -100 0 0 100 -100 9 
100 -100 0 0 100 -100 9 
100 -100 0 0 100 -100 7 
100 -100 0 0 100 -100 9 
100 -100 0 0 100 -100 9 
-100 100 0 0 -100 100 9 
100 -100 0 0 100 -100 9 
100 -100 0 0 100 -100 9 
-100 100 0 0 -100 100 9 
-100 100 0 0 -100 100 9 
-100 100 -19900 19900 -20000 20000 8 
0 0 -20000 20000 -20000 20000 8 
100 -100 0 0 100 -100 9 
-98.3838 98.3838 -1.61616 1.61616 -100 100 4 
100 -100 0 0 100 -100 7 
-100 100 0 0 -100 100 9 
100 -100 0 0 100 -100 9 
100 -100 0 0 100 -100 9 
100 -100 0 0 100 -100 7 
100 -100 0 0 100 -100 7 
100 -100 0 0 100 -100 9 
69.4 -50 30.6 -50 100 -100 1 
100 -100 0 0 100 -100 9 
100 -100 0 0 100 -100 9 
-100 100 0 0 -100 100 9 
99.798 -99.798 0.20202 -0.20202 100 -100 3 
-100 100 0 0 -100 100 9 
100 -100 0 0 100 -100 9 
100 -100 0 0 100 -100 9 
100 -100 0 0 100 -100 9 
-100 100 0 0 -100 100 6 
-100 100 0 0 -100 100 9 
-100 100 0 0 -100 100 9 
100 -100 0 0 100 -100 9 
-95.4545 95.4545 -4.54545 4.54545 -100 100 6 
100 -100 0 0 100 -100 9 
100 -100 0 0 100 -100 9 
-100 100 0 0 -100 100 9 
100 -100 0 0 100 -100 9 
100 -100 0 0 100 -100 9 
-100 100 0 0 -100 100 9 
-100 100 0 0 -100 100 4 
100 -100 0 0 100 -100 9 
100 -100 0 0 100 -100 9 
100 -100 0 0 100 -100 9 
100 -100 0 0 100 -100 9 
-100 100 0 0 -100 100 9 
100 -100 -20100 20100 -20000 20000 8 
100 -100 -20100 20100 -20000 20000 8 
100 -100 0 0 100 -100 7 
100 -100 0 0 100 -100 9 
-100 100 0 0 -100 100 9 
100 -100 0 0 100 -100 9 
70.55 -50 29.45 -50 100 -100 1 
-100 100 0 0 -100 100 9 
100 -100 0 0 100 -100 9 
100 -100 0 0 100 -100 9 
100 -100 0 0 100 -100 9 
-100 100 0 0 -100 100 9 
100 -100 0 0 100 -100 7 
94.3434 -94.3434 5.65657 -5.65657 100 -100 3 
-100 100 0 0 -100 100 9 
-100 100 0 0 -100 100 9 
-93.1818 93.1818 -6.81818 6.81818 -100 100 6 
-100 100 0 0 -100 100 9 
100 -100 0 0 100 -100 9 
-100 100 0 0 -100 100 9 
100 -100 0 0 100 -100 9 
31.9 -31.9 68.1 -68.1 100 -100 1 
-64.45 64.45 -35.55 35.55 -100 100 2 
-100 100 0 0 -100 100 9 
100 -100 0 0 100 -100 9 
-100 100 0 0 -100 100 9 
100 -100 0 0 100 -100 9 
100 -100 0 0 100 -100 9 
100 -100 0 0 100 -100 9 
-100 100 0 0 -100 100 9 
100 -100 0 0 100 -100 9 
100 -100 0 0 100 -100 9 
-100 100 0 0 -100 100 9 
100 -100 0 0 100 -100 9 
100 -100 0 0 100 -100 9 
-100 100 0 0 -100 100 9 
100 -100 0 0 100 -100 9 
-100 100 0 0 -100 100 9 
-100 100 0 0 -100 100 9 
47.7273 -47.7273 52.2727 -52.2727 100 -100 5 
100 -100 0 0 100 -100 9 
-100 100 0 0 -100 100 9 
-100 100 0 0 -100 100 9 
-3.55271e-15 3.55271e-15 0 0 -3.55271e-15 3.55271e-15 9 
-100 100 0 0 -100 100 9 
100 -100 0 0 100 -100 9 
-100 100 0 0 -100 100 9 
54.5455 -54.5455 45.4545 -45.4545 100 -100 5 
100 -100 0 0 100 -100 9 
-100 100 0 0 -100 100 9 
68.35 -50 31.65 -50 100 -100 1 
-100 100 0 0 -100 100 9 
100 -100 0 0 100 -100 9 
8.2 -8.2 -108.2 108.2 -100 100 2 
-100 100 0 0 -100 100 8 
-100 100 0 0 -100 100 8 
100 -100 0 0 100 -100 9 
-100 100 0 0 -100 100 9 
-100 100 0 0 -100 100 9 
100 -100 0 0 100 -100 9 
-100 100 0 0 -100 100 9 
-100 100 0 0 -100 100 9 
0 -1.42109e-14 -20000 20000 -20000 20000 8 
-100 100 -19900 19900 -20000 20000 6 
-19.95 19.95 -80.05 80.05 -100 100 2 
-100 100 0 0 -100 100 9 
93.1818 -93.1818 6.81818 -6.81818 100 -100 5 
-100 100 0 0 -100 100 9 
100 -100 0 0 100 -100 9 
100 -100 0 0 100 -100 9 
-74.8485 74.8485 -25.1515 25.1515 -100 100 4 
-22.1212 22.1212 -77.8788 77.8788 -100 100 4 
100 -100 0 0 100 -100 9 
-54.5455 79.3455 -45.4545 20.6545 -100 100 6 
-100 100 0 0 -100 100 9 
100 -100 0 0 100 -100 9 
-100 100 0 0 -100 100 9 
-100 100 0 0 -100 100 9 
-100 100 0 0 -100 100 9 
-100 100 0 0 -100 100 9 
100 -100 0 0 100 -100 5 
100 -100 0 0 100 -100 9 
100 -100 0 0 100 -100 9 
-100 100 0 0 -100 100 9 
-100 100 0 0 -100 100 9 
100 -100 0 0 100 -100 9 
-100 100 0 0 -100 100 9 
100 -100 0 0 100 -100 9 
100 -100 0 0 100 -100 7 
100 -100 0 0 100 -100 9 
-100 100 0 0 -100 100 9 
-100 100 0 0 -100 100 9 
100 -100 0 0 100 -100 9 
-100 100 0 0 -100 100 9 
-100 100 0 0 -100 100 9 
100 -100 0 0 100 -100 9 
100 -100 0 0 100 -100 9 
-100 100 0 0 -100 100 8 
100 -100 0 0 100 -100 9 
100 -100 0 0 100 -100 9 
-100 100 0 0 -100 100 6 
-100 100 0 0 -100 100 9 
100 -100 0 0 100 -100 9 
100 -100 0 0 100 -100 9 
100 -100 0 0 100 -100 9 
-100 100 0 0 -100 100 9 
100 -100 0 0 100 -100 9 
100 -100 0 0 100 -100 9 
100 -100 0 0 100 -100 9 
-100 100 0 0 -100 100 9 
100 -100 0 0 100 -100 7 
100 -100 0 0 100 -100 9 
-100 100 0 0 -100 100 9 
-100 100 0 0 -100 100 9 
24.3 -24.3 75.7 -75.7 100 -100 1 
-100 100 0 0 -100 100 9 
100 -100 0 0 100 -100 9 
100 -100 0 0 100 -100 9 
-100 100 0 0 -100 100 9 
-100 100 0 0 -100 100 9 
100 -100 0 0 100 -100 9 
100 -100 0 0 100 -100 9 
-100 100 0 0 -100 100 9 
100 -100 0 0 100 -100 9 
100 -100 0 0 100 -100 9 
-100 100 0 0 -100 100 9 
-24 24 -76 76 -100 100 2 
-100 100 0 0 -100 100 6 
-81.8182 81.8182 -18.1818 18.1818 -100 100 6 
100 -100 0 0 100 -100 9 
100 -100 0 0 100 -100 9 
-100 100 0 0 -100 100 6 
100 -100 0 0 100 -100 9 
-1.77636e-15 5.32907e-15 0 0 -1.77636e-15 5.32907e-15 9 
100 -100 0 0 100 -100 9 
93.1818 -93.1818 6.81818 -6.81818 100 -100 5 
-100 100 0 0 -100 100 9 
100 -100 0 0 100 -100 9 
100 -100 0 0 100 -100 7 
100 -100 0 0 100 -100 9 
100 -100 0 0 100 -100 9 
100 -100 0 0 100 -100 9 
100 -100 0 0 100 -100 5 
100 -100 0 0 100 -100 9 
100 -100 0 0 100 -100 9 
32.3 -32.3 67.7 -67.7 100 -100 1 
-100 100 0 0 -100 100 9 
-100 100 0 0 -100 100 9 
-100 100 0 0 -100 100 9 
100 -100 0 0 100 -100 9 
100 -100 0 0 100 -100 9 
0 0 0 0 0 0 9 
100 -100 0 0 100 -100 9 
-100 100 0 0 -100 100 9 
-29.25 29.25 -70.75 70.75 -100 100 2 
100 -100 0 0 100 -100 9 
100 -100 0 0 100 -100 9 
-100 100 0 0 -100 100 9 
100 -100 0 0 100 -100 9 
7.10543e-15 -7.10543e-15 0 0 7.10543e-15 -7.10543e-15 9 
100 -100 0 0 100 -100 9 
-100 100 0 0 -100 100 9 
100 -100 0 0 100 -100 9 
-100 100 0 0 -100 100 9 
100 -100 0 0 100 -100 9 
64.7 -50 35.3 -50 100 -100 1 
100 -100 0 0 100 -100 9 
-100 100 0 0 -100 100 9 
100 -100 0 0 100 -100 9 
-100 100 0 0 -100 100 9 
100 -100 0 0 100 -100 9 
-100 100 0 0 -100 100 9 
0 3.55271e-15 0 0 0 3.55271e-15 9 
100 -100 0 0 100 -100 9 
100 -100 0 0 100 -100 9 
-100 100 0 0 -100 100 9 
-100 100 0 0 -100 100 8 
-25.15 25.15 -74.85 74.85 -100 100 2 
100 -100 0 0 100 -100 9 
93.1818 -89.7318 -20093.2 20089.7 -20000 20000 6 
100 -100 0 0 100 -100 9 
100 -100 0 0 100 -100 9 
100 -100 0 0 100 -100 9 
-3.55271e-15 1.06581e-14 0 0 -3.55271e-15 1.06581e-14 9 
-100 100 0 0 -100 100 9 
-100 100 0 0 -100 100 9 
100 -100 0 0 100 -100 7 
-100 100 0 0 -100 100 9 
100 -100 0 0 100 -100 9 
100 -100 0 0 100 -100 9 
-100 100 0 0 -100 100 9 
-100 100 0 0 -100 100 9 
-100 100 0 0 -100 100 9 
100 -100 0 0 100 -100 9 
-100 100 0 0 -100 100 9 
-100 100 0 0 -100 100 9 
100 -100 0 0 100 -100 9 
-100 100 0 0 -100 100 9 
100 -100 0 0 100 -100 9 
100 -100 0 0 100 -100 7 
-100 100 0 0 -100 100 9 
-100 100 0 0 -100 100 9 
100 -100 0 0 100 -100 9 
-100 100 0 0 -100 100 8 
93.1818 -93.1818 6.81818 -6.81818 100 -100 5 
-100 100 0 0 -100 100 9 
-4.88498e-15 1.77636e-15 0 0 -4.88498e-15 1.77636e-15 9 
-100 100 0 0 -100 100 9 
100 -100 0 0 100 -100 7 
100 -100 0 0 100 -100 9 
-100 100 0 0 -100 100 9 
100 -100 0 0 100 -100 9 
100 -100 0 0 100 -100 9 
26.8 -26.8 73.2 -73.2 100 -100 1 
100 -100 0 0 100 -100 9 
-100 100 0 0 -100 100 9 
100 -100 0 0 100 -100 9 
-100 100 0 0 -100 100 9 
100 -100 0 0 100 -100 9 
5.32907e-15 -5.32907e-15 0 0 5.32907e-15 -5.32907e-15 9 
-100 100 0 0 -100 100 9 
-73.3 73.3 -26.7 26.7 -100 100 2 
-100 100 0 0 -100 100 9 
100 -100 0 0 100 -100 7 
-100 100 0 0 -100 100 9 
-100 100 0 0 -100 100 8 
100 -100 0 0 100 -100 9 
-100 100 0 0 -100 100 9 
3.55271e-15 -3.55271e-15 0 0 3.55271e-15 -3.55271e-15 9 
100 -100 0 0 100 -100 7 
49.3 -49.3 50.7 -50.7 100 -100 1 
100 -100 0 0 100 -100 9 
100 -82.7 0 -17.3 100 -100 9 
100 -100 0 0 100 -100 9 
-100 100 0 0 -100 100 9 
-35.1 35.1 -64.9 64.9 -100 100 2 
-100 100 0 0 -100 100 9 
100 -100 0 0 100 -100 9 
-38.95 38.95 -61.05 61.05 -100 100 2 
100 -100 0 0 100 -100 9 
-100 100 0 0 -100 100 9 
100 -100 0 0 100 -100 9 
100 -100 0 0 100 -100 7 
-100 100 0 0 -100 100 9 
100 -100 0 0 100 -100 9 
100 -100 0 0 100 -100 9 
-93.1818 93.1818 -6.81818 6.81818 -100 100 6 
-100 100 0 0 -100 100 9 
-66.65 66.65 -33.35 33.35 -100 100 2 
-100 100 0 0 -100 100 9 
-100 100 0 0 -100 100 9 
100 -100 0 0 100 -100 5 
-100 100 0 0 -100 100 8 
100 -100 0 0 100 -100 9 
-100 100 0 0 -100 100 9 
0 0 0 0 0 0 9 
100 -100 0 0 100 -100 9 
100 -100 0 0 100 -100 9 
100 -100 0 0 100 -100 9 
100 -100 0 0 100 -100 9 
-99.0909 99.0909 -0.909091 0.909091 -100 100 4 
12.3 -12.3 -112.3 112.3 -100 100 2 
100 -100 0 0 100 -100 9 
-100 100 0 0 -100 100 9 
-100 100 0 0 -100 100 9 
-100 100 0 0 -100 100 9 
-62.5 62.5 -37.5 37.5 -100 100 2 
100 -100 0 0 100 -100 9 
100 -100 0 0 100 -100 9 
100 -100 0 0 100 -100 9 
100 -100 0 0 100 -100 9 
-100 100 0 0 -100 100 8 
-100 100 0 0 -100 100 8 
-100 100 0 0 -100 100 9 
-74.65 74.65 -25.35 25.35 -100 100 2 
100 -100 0 0 100 -100 9 
100 -100 0 0 100 -100 9 
100 -100 0 0 100 -100 9 
100 -100 0 0 100 -100 5 
100 -100 0 0 100 -100 9 
100 -100 0 0 100 -100 9 
-100 100 0 0 -100 100 9 
-100 100 0 0 -100 100 9 
100 -100 0 0 100 -100 9 
-100 102.4 0 -2.4 -100 100 9 
100 -100 0 0 100 -100 9 
-100 100 0 0 -100 100 9 
97.8788 -97.8788 2.12121 -2.12121 100 -100 3 
-100 100 0 0 -100 100 9 
-7.10543e-15 7.10543e-15 0 0 -7.10543e-15 7.10543e-15 9 
100 -100 0 0 100 -100 9 
100 -100 0 0 100 -100 9 
100 -100 0 0 100 -100 9 
100 -100 0 0 100 -100 9 
-100 100 0 0 -100 100 9 
-100 100 -19900 19900 -20000 20000 8 
-100 100 0 0 -100 100 9 
100 -100 0 0 100 -100 9 
100 -100 0 0 100 -100 9 
0 0 -20000 20000 -20000 20000 8 
-100 100 0 0 -100 100 9 
-100 100 0 0 -100 100 9 
-100 100 0 0 -100 100 9 
-4 4 104 -104 100 -100 1 
100 -100 0 0 100 -100 7 
-100 100 0 0 -100 100 9 
100 -100 0 0 100 -100 7 
-100 100 0 0 -100 100 9 
93.1818 -93.1818 6.81818 -6.81818 100 -100 5 
100 -100 0 0 100 -100 9 
-100 100 0 0 -100 100 9 
-100 100 0 0 -100 100 9 
100 -100 0 0 100 -100 9 
0 0 -20000 20000 -20000 20000 8 
-100 100 0 0 -100 100 9 
-100 100 0 0 -100 100 9 
100 -100 0 0 100 -100 9 
-100 100 0 0 -100 100 8 
100 -100 0 0 100 -100 9 
100 -100 0 0 100 -100 9 
100 -100 0 0 100 -100 9 
-33.85 33.85 -66.15 66.15 -100 100 2 
100 -100 0 0 100 -100 9 
100 -100 0 0 100 -100 9 
100 -100 0 0 100 -100 7 
100 -100 0 0 100 -100 9 
100 -100 0 0 100 -100 9 
-100 100 0 0 -100 100 9 
-100 100 0 0 -100 100 9 
100 -100 0 0 100 -100 9 
-100 100 0 0 -100 100 9 
-100 103.95 0 -3.95 -100 100 9 
-100 100 0 0 -100 100 9 
100 -100 0 0 100 -100 7 
100 -100 0 0 100 -100 7 
-100 100 0 0 -100 100 9 
100 -100 0 0 100 -100 9 
-100 100 0 0 -100 100 9 
-100 100 0 0 -100 100 9 
-100 100 0 0 -100 100 9 
-100 100 0 0 -100 100 9 
-100 100 0 0 -100 100 9 
-100 100 0 0 -100 100 9 
100 -100 0 0 100 -100 9 
-100 100 0 0 -100 100 9 
-100 100 0 0 -100 100 6 
-100 100 0 0 -100 100 9 
-100 100 0 0 -100 100 6 
100 -100 0 0 100 -100 9 
100 -100 0 0 100 -100 9 
-100 100 0 0 -100 100 9 
-100 100 0 0 -100 100 9 
100 -100 0 0 100 -100 9 
1.77636e-15 -1.77636e-15 0 0 1.77636e-15 -1.77636e-15 9 
100 -100 0 0 100 -100 7 
-100 100 0 0 -100 100 9 
-100 100 0 0 -100 100 9 
-100 100 0 0 -100 100 9 
-100 100 0 0 -100 100 9 
-100 100 -19900 19900 -20000 20000 8 
-95.4545 95.4545 -19904.5 19904.5 -20000 20000 6 
100 -100 0 0 100 -100 9 
100 -100 0 0 100 -100 9 
100 -100 0 0 100 -100 9 
100 -100 -20100 20100 -20000 20000 8 
-100 100 0 0 -100 100 8 
-100 100 0 0 -100 100 9 
67.6 -50 32.4 -50 100 -100 1 
0 0 0 0 0 0 9 
32.9 -32.9 67.1 -67.1 100 -100 1 
-64.9 64.9 -35.1 35.1 -100 100 2 
-74.4 74.4 -25.6 25.6 -100 100 2 
100 -100 0 0 100 -100 7 
-100 100 0 0 -100 100 9 
100 -100 0 0 100 -100 9 
-93.1818 93.1818 -6.81818 6.81818 -100 100 6 
100 -100 0 0 100 -100 9 
100 -100 0 0 100 -100 9 
-26.05 26.05 -73.95 73.95 -100 100 2 
-100 100 0 0 -100 100 9 
-100 100 0 0 -100 100 9 
-100 100 0 0 -100 100 9 
-100 100 0 0 -100 100 9 
100 -100 0 0 100 -100 7 
100 -100 0 0 100 -100 9 
-100 100 0 0 -100 100 9 
-100 100 0 0 -100 100 9 
100 -100 0 0 100 -100 9 
100 -100 0 0 100 -100 9 
100 -100 0 0 100 -100 9 
-100 100 0 0 -100 100 9 
0 0 0 0 0 0 9 
100 -100 0 0 100 -100 9 
-100 100 -19900 19900 -20000 20000 8 
100 -100 0 0 100 -100 9 
100 -100 0 0 100 -100 9 
-100 100 0 0 -100 100 9 
-100 100 0 0 -100 100 9 
-100 100 0 0 -100 100 9 
-100 100 0 0 -100 100 9 
100 -100 0 0 100 -100 9 
-100 100 0 0 -100 100 6 
100 -100 0 0 100 -100 9 
100 -100 0 0 100 -100 9 
-100 100 0 0 -100 100 9 
100 -100 0 0 100 -100 9 
-100 100 0 0 -100 100 9 
-100 100 0 0 -100 100 9 
100 -100 0 0 100 -100 9 
-100 100 0 0 -100 100 9 
100 -100 0 0 100 -100 5 
-100 100 0 0 -100 100 9 
-100 100 0 0 -100 100 9 
-100 100 0 0 -100 100 9 
-100 100 0 0 -100 100 8 
-100 100 0 0 -100 100 8 
100 -100 0 0 100 -100 9 
100 -100 0 0 100 -100 9 
-100 100 0 0 -100 100 9 
-97.7273 97.7273 -2.27273 2.27273 -100 100 6 
-100 100 0 0 -100 100 9 
-100 100 0 0 -100 100 9 
100 -100 0 0 100 -100 9 
-7.10543e-15 7.10543e-15 0 0 -7.10543e-15 7.10543e-15 9 
77.2727 -77.2727 22.7273 -22.7273 100 -100 5 
-100 100 0 0 -100 100 9 
-100 100 0 0 -100 100 9 
100 -100 0 0 100 -100 9 
-49.85 49.85 -50.15 50.15 -100 100 2 
-100 100 0 0 -100 100 9 
-100 100 0 0 -100 100 8 
-100 100 0 0 -100 100 8 
-100 100 0 0 -100 100 9 
-100 100 0 0 -100 100 8 
-100 100 0 0 -100 100 9 
-100 100 0 0 -100 100 9 
-100 100 0 0 -100 100 9 
-100 100 0 0 -100 100 9 
-100 100 0 0 -100 100 9 
100 -100 0 0 100 -100 9 
-100 100 0 0 -100 100 9 
100 -100 0 0 100 -100 9 
-14.8 14.8 114.8 -114.8 100 -100 1 
100 -100 0 0 100 -100 9 
100 -100 0 0 100 -100 9 
-100 100 0 0 -100 100 9 
100 -79.35 0 -20.65 100 -100 9 
-100 100 0 0 -100 100 8 
-100 100 0 0 -100 100 9 
100 -100 0 0 100 -100 9 
-100 100 0 0 -100 100 8 
-100 100 0 0 -100 100 8 
100 -100 0 0 100 -100 9 
100 -100 0 0 100 -100 9 
100 -100 0 0 100 -100 9 
95.4545 -95.4545 4.54545 -4.54545 100 -100 5 
100 -100 0 0 100 -100 9 
99.0909 -99.0909 0.909091 -0.909091 100 -100 3 
100 -100 0 0 100 -100 9 
100 -100 0 0 100 -100 9 
100 -100 0 0 100 -100 9 
-100 100 0 0 -100 100 9 
-100 100 0 0 -100 100 9 
100 -100 0 0 100 -100 9 
100 -100 0 0 100 -100 9 
100 -100 0 0 100 -100 9 
-100 100 0 0 -100 100 9 
-100 100 0 0 -100 100 9 
100 -100 0 0 100 -100 9 
-100 100 0 0 -100 100 9 
-100 100 0 0 -100 100 9 
100 -100 0 0 100 -100 9 
-100 100 0 0 -100 100 9 
-100 100 0 0 -100 100 9 
100 -100 0 0 100 -100 9 
-100 100 0 0 -100 100 9 
-100 100 0 0 -100 100 9 
100 -100 0 0 100 -100 9 
100 -100 0 0 100 -100 9 
100 -100 0 0 100 -100 9 
-100 100 0 0 -100 100 9 
-100 100 0 0 -100 100 9 
100 -100 0 0 100 -100 9 
100 -100 0 0 100 -100 9 
-100 100 0 0 -100 100 9 
100 -100 0 0 100 -100 9 
100 -100 0 0 100 -100 9 
100 -100 0 0 100 -100 9 
0 0 -20000 20000 -20000 20000 8 
-100 100 0 0 -100 100 9 
-70.25 70.25 -29.75 29.75 -100 100 2 
-100 100 0 0 -100 100 8 
-100 100 0 0 -100 100 9 
0 0 0 0 0 0 9 
100 -100 0 0 100 -100 9 
-100 100 0 0 -100 100 9 
99.0909 -99.0909 0.909091 -0.909091 100 -100 3 
100 -100 0 0 100 -100 9 
-100 100 0 0 -100 100 9 
100 -100 0 0 100 -100 9 
100 -100 0 0 100 -100 9 
-100 100 0 0 -100 100 9 
-100 100 0 0 -100 100 4 
-100 100 0 0 -100 100 9 
-3.55271e-15 3.55271e-15 0 0 -3.55271e-15 3.55271e-15 9 
-100 100 0 0 -100 100 9 
100 -100 0 0 100 -100 5 
100 -100 0 0 100 -100 9 
100 -100 0 0 100 -100 9 
100 -100 0 0 100 -100 9 
100 -100 0 0 100 -100 9 
-100 100 0 0 -100 100 9 
-100 100 0 0 -100 100 9 
100 -100 0 0 100 -100 9 
100 -100 0 0 100 -100 9 
93.1818 -93.1818 6.81818 -6.81818 100 -100 5 
100 -100 0 0 100 -100 9 
7.10543e-15 -7.10543e-15 0 0 7.10543e-15 -7.10543e-15 9 
100 -100 0 0 100 -100 9 
-72.7273 72.7273 -27.2727 27.2727 -100 100 6 
100 -100 0 0 100 -100 9 
-100 100 0 0 -100 100 9 
-100 100 0 0 -100 100 9 
100 -100 0 0 100 -100 9 
100 -100 0 0 100 -100 9 
-100 100 0 0 -100 100 9 
70.45 -50 29.55 -50 100 -100 1 
-99.0909 99.0909 -0.909091 0.909091 -100 100 4 
-100 100 0 0 -100 100 9 
-100 100 0 0 -100 100 9 
-81.8182 81.8182 -18.1818 18.1818 -100 100 6 
-100 100 0 0 -100 100 9 
100 -100 0 0 100 -100 9 
-100 100 0 0 -100 100 9 
100 -100 0 0 100 -100 9 
100 -100 0 0 100 -100 7 
24.1 -24.1 75.9 -75.9 100 -100 1 
-100 100 0 0 -100 100 6 
-3.55271e-15 3.55271e-15 0 0 -3.55271e-15 3.55271e-15 9 
-100 100 0 0 -100 100 9 
-100 100 0 0 -100 100 9 
-100 100 0 0 -100 100 8 
100 -100 0 0 100 -100 9 
0 7.10543e-15 -20000 20000 -20000 20000 8 
100 -100 0 0 100 -100 9 
-100 100 0 0 -100 100 9 
-100 100 0 0 -100 100 9 
100 -100 0 0 100 -100 9 
3.55271e-15 -3.55271e-15 0 0 3.55271e-15 -3.55271e-15 9 
-100 100 0 0 -100 100 9 
-100 100 0 0 -100 100 9 
-59.0909 59.0909 -40.9091 40.9091 -100 100 6 
-100 100 0 0 -100 100 9 
-100 100 0 0 -100 100 9 
-100 100 0 0 -100 100 9 
-100 100 0 0 -100 100 9 
15 -15 -115 115 -100 100 2 
100 -82.8 0 -17.2 100 -100 9 
-100 100 0 0 -100 100 9 
0 0 0 0 0 0 9 
-100 100 0 0 -100 100 9 
100 -100 0 0 100 -100 9 
100 -100 0 0 100 -100 9 
-100 100 0 0 -100 100 9 
100 -100 0 0 100 -100 9 
100 -100 0 0 100 -100 9 
-100 100 0 0 -100 100 9 
100 -100 0 0 100 -100 9 
100 -100 0 0 100 -100 9 
-100 100 0 0 -100 100 9 
100 -100 0 0 100 -100 9 
100 -100 0 0 100 -100 9 
100 -100 0 0 100 -100 9 
100 -100 0 0 100 -100 9 
-100 100 0 0 -100 100 9 
-73.55 73.55 -26.45 26.45 -100 100 2 
100 -100 0 0 100 -100 9 
-100 100 0 0 -100 100 9 
-100 100 0 0 -100 100 9 
-100 100 0 0 -100 100 8 
-100 100 0 0 -100 100 9 
100 -100 0 0 100 -100 9 
100 -100 0 0 100 -100 9 
-100 100 0 0 -100 100 8 
-100 100 0 0 -100 100 9 
-100 100 0 0 -100 100 8 
100 -100 0 0 100 -100 9 
-100 100 0 0 -100 100 9 
-100 100 0 0 -100 100 9 
-100 100 0 0 -100 100 9 
-100 100 0 0 -100 100 9 
100 -100 0 0 100 -100 7 
100 -100 0 0 100 -100 7 
100 -100 0 0 100 -100 9 
100 -100 0 0 100 -100 9 
100 -100 0 0 100 -100 9 
-100 100 0 0 -100 100 9 
100 -100 0 0 100 -100 9 
100 -100 0 0 100 -100 9 
100 -100 0 0 100 -100 9 
-100 100 0 0 -100 100 9 
100 -100 0 0 100 -100 9 
-100 100 0 0 -100 100 9 
100 -100 0 0 100 -100 9 
100 -100 0 0 100 -100 9 
-100 100 0 0 -100 100 9 
-100 100 0 0 -100 100 9 
100 -100 0 0 100 -100 7 
100 -100 0 0 100 -100 9 
100 -100 0 0 100 -100 9 
-100 100 0 0 -100 100 9 
-2.66454e-15 2.66454e-15 0 0 -2.66454e-15 2.66454e-15 9 
-100 100 0 0 -100 100 9 
100 -100 0 0 100 -100 9 
100 -100 0 0 100 -100 9 
100 -100 0 0 100 -100 9 
-100 100 0 0 -100 100 9 
-100 100 0 0 -100 100 9 
100 -100 0 0 100 -100 9 
81.8182 -81.8182 18.1818 -18.1818 100 -100 5 
-100 100 0 0 -100 100 9 
100 -100 0 0 100 -100 9 
100 -100 0 0 100 -100 9 
-100 100 0 0 -100 100 9 
100 -100 0 0 100 -100 9 
100 -100 0 0 100 -100 9 
-100 100 0 0 -100 100 8 
100 -100 0 0 100 -100 9 
93.1818 -93.1818 6.81818 -6.81818 100 -100 5 
100 -100 0 0 100 -100 7 
100 -100 0 0 100 -100 9 
0 0 -20000 20000 -20000 20000 8 
100 -100 0 0 100 -100 9 
100 -97.8 0 -2.2 100 -100 9 
100 -100 0 0 100 -100 9 
-49.15 49.15 -50.85 50.85 -100 100 2 
-100 100 0 0 -100 100 9 
100 -100 0 0 100 -100 9 
100 -100 0 0 100 -100 9 
-100 100 0 0 -100 100 9 
-100 100 0 0 -100 100 9 
-100 100 0 0 -100 100 9 
100 -100 0 0 100 -100 9 
-100 100 0 0 -100 100 9 
-100 100 0 0 -100 100 9 
-100 100 0 0 -100 100 9 
-100 100 -19900 19900 -20000 20000 8 
-65.9596 65.9596 -34.0404 34.0404 -100 100 4 
100 -100 0 0 100 -100 9 
100 -100 0 0 100 -100 9 
-100 100 0 0 -100 100 9 
-100 100 0 0 -100 100 9 
-93.1818 93.1818 -6.81818 6.81818 -100 100 6 
100 -100 0 0 100 -100 9 
-100 100 0 0 -100 100 9 
-100 100 0 0 -100 100 9 
-100 100 0 0 -100 100 9 
-100 100 0 0 -100 100 9 
-100 100 0 0 -100 100 9 
-100 100 0 0 -100 100 9 
100 -100 0 0 100 -100 9 
100 -100 0 0 100 -100 9 
-93.1818 93.1818 -6.81818 6.81818 -100 100 6 
-100 100 0 0 -100 100 9 
-100 100 0 0 -100 100 9 
-100 100 0 0 -100 100 8 
-100 100 0 0 -100 100 6 
100 -100 0 0 100 -100 7 
-100 100 0 0 -100 100 9 
100 -100 0 0 100 -100 9 
-100 100 0 0 -100 100 6 
100 -100 0 0 100 -100 9 
100 -100 0 0 100 -100 9 
100 -100 0 0 100 -100 9 
100 -100 0 0 100 -100 7 
-100 100 0 0 -100 100 9 
100 -100 0 0 100 -100 9 
-100 100 0 0 -100 100 9 
-100 100 0 0 -100 100 9 
-100 100 0 0 -100 100 9 
-100 100 0 0 -100 100 9 
-37.45 37.45 -62.55 62.55 -100 100 2 
100 -100 0 0 100 -100 9 
-100 100 0 0 -100 100 9 
-100 100 0 0 -100 100 9 
0 0 0 0 0 0 9 
100 -100 0 0 100 -100 9 
100 -93.55 0 -6.45 100 -100 9 
100 -100 0 0 100 -100 9 
-100 100 0 0 -100 100 9 
-100 100 0 0 -100 100 9 
-100 100 0 0 -100 100 9 
-100 100 0 0 -100 100 9 
100 -100 0 0 100 -100 9 
-100 100 0 0 -100 100 9 
100 -100 0 0 100 -100 9 
-100 100 0 0 -100 100 9 
-100 100 0 0 -100 100 9 
-70.6 70.6 -29.4 29.4 -100 100 2 
100 -100 0 0 100 -100 9 
100 -85.15 0 -14.85 100 -100 9 
100 -100 0 0 100 -100 7 
-100 100 0 0 -100 100 9 
-100 100 0 0 -100 100 9 
100 -100 0 0 100 -100 9 
100 -100 0 0 100 -100 9 
75.5 -50 24.5 -50 100 -100 1 
32.55 -32.55 67.45 -67.45 100 -100 1 
-100 100 0 0 -100 100 9 
-100 100 0 0 -100 100 9 
100 -100 0 0 100 -100 9 
100 -100 0 0 100 -100 9 
100 -100 0 0 100 -100 9 
-100 100 0 0 -100 100 9 
100 -100 0 0 100 -100 9 
-93.1818 93.1818 -6.81818 6.81818 -100 100 6 
-100 100 0 0 -100 100 9 
100 -100 0 0 100 -100 7 
-100 100 0 0 -100 100 8 
100 -100 0 0 100 -100 9 
25.8 -25.8 74.2 -74.2 100 -100 1 
-100 100 0 0 -100 100 9 
3.55271e-15 -3.55271e-15 0 0 3.55271e-15 -3.55271e-15 9 
100 -100 0 0 100 -100 9 
-100 100 0 0 -100 100 9 
100 -100 0 0 100 -100 7 
100 -100 0 0 100 -100 9 
100 -100 0 0 100 -100 9 
-100 100 0 0 -100 100 9 
-46.65 46.65 -53.35 53.35 -100 100 2 
100 -100 0 0 100 -100 9 
100 -100 0 0 100 -100 7 
100 -100 0 0 100 -100 9 
-100 100 0 0 -100 100 9 
100 -100 0 0 100 -100 9 
-100 100 0 0 -100 100 9 
-100 100 0 0 -100 100 9 
-100 100 0 0 -100 100 9 
0 0 0 0 0 0 9 
-100 100 0 0 -100 100 8 
100 -100 0 0 100 -100 7 
-100 100 0 0 -100 100 9 
-100 100 0 0 -100 100 9 
100 -100 0 0 100 -100 9 
100 -100 0 0 100 -100 9 
100 -100 0 0 100 -100 9 
96.1616 -96.1616 3.83838 -3.83838 100 -100 3 
36.35 -36.35 63.65 -63.65 100 -100 1 
100 -100 0 0 100 -100 9 
-100 100 0 0 -100 100 9 
100 -100 0 0 100 -100 9 
100 -100 0 0 100 -100 5 
100 -100 0 0 100 -100 9 
100 -100 0 0 100 -100 9 
74.35 -50 25.65 -50 100 -100 1 
-100 100 0 0 -100 100 9 
100 -100 0 0 100 -100 9 
-100 100 0 0 -100 100 9 
100 -100 0 0 100 -100 9 
-100 100 0 0 -100 100 9 
-100 100 0 0 -100 100 9 
-100 100 0 0 -100 100 9 
-100 100 0 0 -100 100 9 
-100 100 0 0 -100 100 9 
-100 100 0 0 -100 100 9 
-100 100 0 0 -100 100 9 
100 -100 0 0 100 -100 7 
-100 100 0 0 -100 100 8 
31.25 -31.25 68.75 -68.75 100 -100 1 
93.1818 -93.1818 6.81818 -6.81818 100 -100 5 
-100 100 0 0 -100 100 9 
-100 100 0 0 -100 100 9 
100 -100 0 0 100 -100 9 
100 -100 0 0 100 -100 9 
100 -100 0 0 100 -100 9 
100 -100 0 0 100 -100 9 
-100 100 0 0 -100 100 9 
-100 100 0 0 -100 100 9 
0 0 0 0 0 0 9 
100 -100 0 0 100 -100 9 
100 -100 0 0 100 -100 5 
-100 100 0 0 -100 100 9 
-100 100 0 0 -100 100 9 
-100 100 0 0 -100 100 9 
100 -100 0 0 100 -100 9 
100 -100 0 0 100 -100 9 
-100 100 0 0 -100 100 6 
100 -100 0 0 100 -100 9 
100 -100 0 0 100 -100 9 
100 -100 0 0 100 -100 7 
-100 100 0 0 -100 100 9 
100 -100 0 0 100 -100 7 
100 -100 0 0 100 -100 9 
100 -100 0 0 100 -100 5 
100 -100 0 0 100 -100 9 
100 -100 0 0 100 -100 9 
-42.65 42.65 -57.35 57.35 -100 100 2 
100 -100 0 0 100 -100 9 
100 -100 0 0 100 -100 7 
100 -100 0 0 100 -100 9 
100 -100 0 0 100 -100 9 
-100 100 0 0 -100 100 9 
-100 100 0 0 -100 100 9 
-100 100 0 0 -100 100 9 
100 -100 0 0 100 -100 9 
-100 100 0 0 -100 100 9 
100 -100 0 0 100 -100 9 
100 -100 0 0 100 -100 9 
-100 100 0 0 -100 100 9 
100 -100 0 0 100 -100 9 
100 -100 0 0 100 -100 9 
-100 100 0 0 -100 100 9 
-100 100 0 0 -100 100 9 
0 0 0 0 0 0 9 
-100 100 0 0 -100 100 9 
100 -100 0 0 100 -100 9 
100 -100 0 0 100 -100 9 
-32.9 32.9 -67.1 67.1 -100 100 2 
100 -100 0 0 100 -100 9 
-100 100 0 0 -100 100 9 
-100 100 0 0 -100 100 9 
100 -100 0 0 100 -100 9 
-100 100 0 0 -100 100 8 
-100 100 0 0 -100 100 9 
100 -100 0 0 100 -100 9 
-100 100 0 0 -100 100 9 
100 -100 0 0 100 -100 9 
-100 100 0 0 -100 100 8 
-100 100 0 0 -100 100 9 
-100 100 0 0 -100 100 9 
100 -84.35 0 -15.65 100 -100 9 
-100 100 0 0 -100 100 8 
-100 100 0 0 -100 100 9 
-100 100 0 0 -100 100 9 
100 -100 0 0 100 -100 9 
-32.45 32.45 -67.55 67.55 -100 100 2 
100 -100 0 0 100 -100 9 
-100 100 0 0 -100 100 9 
100 -100 0 0 100 -100 9 
100 -100 0 0 100 -100 9 
-100 100 0 0 -100 100 9 
100 -100 0 0 100 -100 9 
-100 100 0 0 -100 100 9 
-100 100 0 0 -100 100 9 
100 -100 0 0 100 -100 9 
-60.95 60.95 -39.05 39.05 -100 100 2 
100 -100 0 0 100 -100 9 
99.0909 -99.0909 0.909091 -0.909091 100 -100 3 
100 -100 0 0 100 -100 7 
100 -100 0 0 100 -100 9 
-100 100 0 0 -100 100 9 
100 -100 0 0 100 -100 9 
-100 100 0 0 -100 100 9 
-100 100 0 0 -100 100 9 
-100 100 0 0 -100 100 9 
86.3636 -86.3636 13.6364 -13.6364 100 -100 5 
-100 100 0 0 -100 100 9 
-100 100 0 0 -100 100 9 
100 -100 0 0 100 -100 7 
-100 100 0 0 -100 100 9 
100 -100 0 0 100 -100 9 
100 -100 0 0 100 -100 9 
100 -97.85 0 -2.15 100 -100 9 
100 -100 -20100 20100 -20000 20000 8 
100 -100 0 0 100 -100 9 
100 -100 0 0 100 -100 9 
100 -100 0 0 100 -100 9 
100 -100 0 0 100 -100 9 
-100 100 0 0 -100 100 9 
100 -100 0 0 100 -100 9 
100 -100 0 0 100 -100 9 
-100 100 0 0 -100 100 9 
-100 100 0 0 -100 100 9 
90.9091 -90.9091 9.09091 -9.09091 100 -100 3 
100 -100 0 0 100 -100 9 
100 -100 0 0 100 -100 9 
-23.4 23.4 -76.6 76.6 -100 100 2 
-100 100 0 0 -100 100 9 
-100 100 0 0 -100 100 9 
4.44089e-15 -4.44089e-15 0 0 4.44089e-15 -4.44089e-15 9 
100 -100 0 0 100 -100 9 
-100 100 0 0 -100 100 6 
-100 100 0 0 -100 100 9 
-100 100 0 0 -100 100 9 
100 -100 0 0 100 -100 9 
-100 100 0 0 -100 100 9 
-100 100 0 0 -100 100 6 
-47.6 47.6 -52.4 52.4 -100 100 2 
-100 100 0 0 -100 100 9 
100 -100 0 0 100 -100 9 
-100 100 0 0 -100 100 9 
-100 100 0 0 -100 100 9 
81.8182 -81.8182 18.1818 -18.1818 100 -100 5 
-100 100 0 0 -100 100 9 
-100 100 0 0 -100 100 9 
100 -100 0 0 100 -100 7 
-100 100 0 0 -100 100 8 
100 -100 0 0 100 -100 9 
100 -100 0 0 100 -100 9 
-100 100 0 0 -100 100 9 
100 -100 0 0 100 -100 9 
1.42109e-14 -1.42109e-14 0 0 1.42109e-14 -1.42109e-14 9 
-65.0505 65.0505 -34.9495 34.9495 -100 100 4 
100 -100 0 0 100 -100 3 
100 -100 0 0 100 -100 9 
-100 100 0 0 -100 100 9 
100 -100 0 0 100 -100 9 
-86.3636 86.3636 -13.6364 13.6364 -100 100 6 
-100 100 0 0 -100 100 9 
100 -100 0 0 100 -100 9 
-100 100 0 0 -100 100 9 
-33.1 33.1 -66.9 66.9 -100 100 2 
-100 100 0 0 -100 100 8 
100 -100 0 0 100 -100 9 
-100 100 0 0 -100 100 9 
-100 100 0 0 -100 100 8 
-100 100 0 0 -100 100 9 
-100 100 0 0 -100 100 9 
-100 100 0 0 -100 100 9 
100 -100 0 0 100 -100 9 
100 -84.8 0 -15.2 100 -100 9 
97.7273 -97.7273 2.27273 -2.27273 100 -100 5 
100 -100 0 0 100 -100 9 
100 -100 0 0 100 -100 9 
100 -100 0 0 100 -100 9 
100 -100 0 0 100 -100 9 
-100 100 0 0 -100 100 9 
100 -100 0 0 100 -100 9 
-100 100 0 0 -100 100 9 
100 -100 0 0 100 -100 9 
100 -100 0 0 100 -100 9 
100 -100 0 0 100 -100 9 
100 -100 0 0 100 -100 9 
-100 100 0 0 -100 100 8 
-100 100 0 0 -100 100 9 
7.10543e-15 0 -20000 20000 -20000 20000 8 
-100 100 0 0 -100 100 9 
100 -100 0 0 100 -100 9 
-100 100 0 0 -100 100 9 
100 -100 0 0 100 -100 9 
-100 100 0 0 -100 100 9 
-100 100 0 0 -100 100 9 
100 -100 0 0 100 -100 9 
100 -100 0 0 100 -100 9 
-100 100 0 0 -100 100 8 
-100 100 0 0 -100 100 9 
-100 100 0 0 -100 100 9 
7.10543e-15 -7.10543e-15 -20000 20000 -20000 20000 8 
-100 100 0 0 -100 100 9 
-100 100 0 0 -100 100 9 
100 -100 0 0 100 -100 9 
-100 100 0 0 -100 100 9 
100 -100 0 0 100 -100 9 
100 -100 0 0 100 -100 9 
93.1818 -93.1818 6.81818 -6.81818 100 -100 5 
-100 100 0 0 -100 100 8 
100 -100 0 0 100 -100 5 
100 -100 0 0 100 -100 7 
-82.5253 82.5253 -17.4747 17.4747 -100 100 4 
-100 100 0 0 -100 100 9 
100 -100 0 0 100 -100 9 
100 -100 -20100 20100 -20000 20000 8 
-100 100 0 0 -100 100 9 
-100 100 0 0 -100 100 9 
100 -100 0 0 100 -100 9 
-100 100 0 0 -100 100 8 
100 -100 0 0 100 -100 5 
100 -100 0 0 100 -100 9 
-100 100 0 0 -100 100 9 
-100 100 0 0 -100 100 9 
100 -100 0 0 100 -100 9 
-100 100 0 0 -100 100 9 
100 -100 0 0 100 -100 9 
100 -100 0 0 100 -100 9 
-100 100 0 0 -100 100 9 
-100 100 0 0 -100 100 9 
100 -100 0 0 100 -100 9 
-86.3636 86.3636 -19913.6 19913.6 -20000 20000 6 
100 -100 0 0 100 -100 7 
-100 100 0 0 -100 100 8 
100 -100 0 0 100 -100 9 
100 -100 0 0 100 -100 9 
-100 100 0 0 -100 100 9 
100 -100 0 0 100 -100 9 
100 -100 0 0 100 -100 9 
-100 100 0 0 -100 100 8 
100 -100 0 0 100 -100 9 
-100 100 0 0 -100 100 9 
100 -100 0 0 100 -100 9 
100 -100 0 0 100 -100 9 
-56.8 56.8 -43.2 43.2 -100 100 2 
-100 100 0 0 -100 100 9 
-100 100 0 0 -100 100 9 
100 -100 0 0 100 -100 9 
-100 100 0 0 -100 100 8 
-100 100 0 0 -100 100 9 
100 -100 0 0 100 -100 9 
-100 100 0 0 -100 100 9 
-100 100 0 0 -100 100 9 
100 -100 0 0 100 -100 9 
-100 100 0 0 -100 100 9 
-100 100 0 0 -100 100 9 
100 -100 0 0 100 -100 9 
100 -100 0 0 100 -100 9 
100 -100 0 0 100 -100 9 
100 -100 0 0 100 -100 5 
-98.1818 98.1818 -1.81818 1.81818 -100 100 4 
-100 100 0 0 -100 100 9 
93.1818 -93.1818 6.81818 -6.81818 100 -100 5 
100 -100 0 0 100 -100 9 
-100 100 0 0 -100 100 9 
100 -100 0 0 100 -100 7 
-100 100 0 0 -100 100 9 
100 -100 -20100 20100 -20000 20000 8 
77.2727 -77.2727 22.7273 -22.7273 100 -100 5 
-100 100 0 0 -100 100 9 
100 -100 0 0 100 -100 9 
100 -100 0 0 100 -100 7 
100 -100 -20100 20100 -20000 20000 8 
100 -100 0 0 100 -100 9 
-1.42109e-14 0 -20000 20000 -20000 20000 8 
100 -100 0 0 100 -100 9 
-93.1818 93.1818 -6.81818 6.81818 -100 100 6 
-100 100 0 0 -100 100 9 
100 -100 0 0 100 -100 9 
100 -100 0 0 100 -100 9 
-100 100 0 0 -100 100 9 
-100 100 0 0 -100 100 9 
-100 100 0 0 -100 100 9 
7.10543e-15 -7.10543e-15 -20000 20000 -20000 20000 8 
-100 100 0 0 -100 100 9 
-100 100 0 0 -100 100 9 
100 -100 0 0 100 -100 9 
100 -100 0 0 100 -100 9 
100 -100 0 0 100 -100 9 
100 -100 0 0 100 -100 9 
100 -100 0 0 100 -100 9 
-100 100 0 0 -100 100 9 
-81.8182 81.8182 -18.1818 18.1818 -100 100 6 
100 -100 0 0 100 -100 9 
100 -100 0 0 100 -100 9 
-100 100 0 0 -100 100 9 
100 -93.95 0 -6.05 100 -100 9 
100 -100 0 0 100 -100 9 
100 -100 0 0 100 -100 9 
-100 100 0 0 -100 100 9 
-93.1818 93.1818 -6.81818 6.81818 -100 100 6 
-100 100 0 0 -100 100 9 
-100 100 0 0 -100 100 9 
-100 100 0 0 -100 100 9 
100 -76.25 0 -23.75 100 -100 9 
100 -100 -20100 20100 -20000 20000 8 
-100 100 0 0 -100 100 9 
100 -100 0 0 100 -100 9 
-8.88178e-15 1.77636e-15 -20000 20000 -20000 20000 8 
100 -100 0 0 100 -100 9 
-100 100 0 0 -100 100 9 
100 -100 0 0 100 -100 9 
-100 100 0 0 -100 100 9 
-100 100 0 0 -100 100 9 
100 -100 -20100 20100 -20000 20000 8 
100 -100 0 0 100 -100 9 
100 -100 0 0 100 -100 9 
100 -100 0 0 100 -100 7 
-100 100 0 0 -100 100 9 
-100 100 0 0 -100 100 8 
-100 100 0 0 -100 100 9 
28.1 -28.1 71.9 -71.9 100 -100 1 
100 -100 0 0 100 -100 9 
-100 100 0 0 -100 100 9 
100 -100 0 0 100 -100 7 
-100 100 0 0 -100 100 9 
100 -100 0 0 100 -100 5 
-100 100 0 0 -100 100 9 
100 -100 0 0 100 -100 9 
100 -100 0 0 100 -100 9 
100 -100 0 0 100 -100 7 
-100 100 0 0 -100 100 9 
-100 100 0 0 -100 100 9 
-100 100 0 0 -100 100 9 
100 -100 0 0 100 -100 9 
-100 100 0 0 -100 100 9 
-100 100 0 0 -100 100 9 
100 -100 0 0 100 -100 9 
-100 100 0 0 -100 100 9 
100 -100 0 0 100 -100 9 
100 -96.8 0 -3.2 100 -100 9 
-75 75 -25 25 -100 100 6 
-100 100 0 0 -100 100 9 
-100 100 0 0 -100 100 9 
-100 100 0 0 -100 100 9 
-100 100 0 0 -100 100 9 
-100 100 0 0 -100 100 9 
-100 100 0 0 -100 100 9 
100 -100 0 0 100 -100 9 
-100 100 0 0 -100 100 6 
100 -100 0 0 100 -100 7 
-100 100 0 0 -100 100 9 
100 -100 0 0 100 -100 9 
-100 100 0 0 -100 100 9 
100 -100 0 0 100 -100 9 
1.42109e-14 0 -20000 20000 -20000 20000 8 
100 -100 0 0 100 -100 9 
100 -100 0 0 100 -100 9 
100 -100 0 0 100 -100 9 
-100 100 0 0 -100 100 9 
100 -100 0 0 100 -100 9 
-100 100 0 0 -100 100 9 
100 -100 0 0 100 -100 9 
100 -100 0 0 100 -100 9 
100 -100 0 0 100 -100 9 
100 -100 0 0 100 -100 9 
100 -100 0 0 100 -100 9 
100 -100 0 0 100 -100 9 
100 -100 0 0 100 -100 9 
-100 100 0 0 -100 100 9 
100 -100 0 0 100 -100 9 
100 -100 0 0 100 -100 9 
100 -100 0 0 100 -100 9 
100 -100 0 0 100 -100 9 
100 -100 0 0 100 -100 9 
-100 100 0 0 -100 100 9 
100 -100 0 0 100 -100 5 
100 -100 0 0 100 -100 9 
-100 100.6 0 -0.6 -100 100 8 
100 -83.75 0 -16.25 100 -100 9 
100 -100 0 0 100 -100 9 
-100 100 0 0 -100 100 9 
7.10543e-15 -3.55271e-15 0 0 7.10543e-15 -3.55271e-15 9 
-97.7273 101.777 -2.27273 -1.77727 -100 100 6 
-100 100 0 0 -100 100 9 
-100 100 0 0 -100 100 8 
-100 100 0 0 -100 100 9 
-100 100 0 0 -100 100 9 
-100 100 0 0 -100 100 9 
-100 100 0 0 -100 100 8 
100 -100 0 0 100 -100 9 
-100 100 0 0 -100 100 9 
-100 100 0 0 -100 100 9 
-100 100 0 0 -100 100 9 
100 -100 0 0 100 -100 9 
100 -100 0 0 100 -100 9 
-100 100 0 0 -100 100 9 
100 -100 0 0 100 -100 9 
-100 100 0 0 -100 100 9 
100 -100 0 0 100 -100 9 
-100 100 0 0 -100 100 8 
-100 100 0 0 -100 100 9 
-100 100 0 0 -100 100 9 
100 -100 0 0 100 -100 9 
100 -100 0 0 100 -100 9 
-100 100 0 0 -100 100 9 
-100 100 0 0 -100 100 9 
100 -100 0 0 100 -100 9 
-100 100 0 0 -100 100 9 
-100 100 0 0 -100 100 9 
-100 100 0 0 -100 100 9 
100 -100 0 0 100 -100 9 
-100 100 0 0 -100 100 9 
100 -100 0 0 100 -100 9 
100 -100 0 0 100 -100 9 
100 -100 0 0 100 -100 9 
100 -100 0 0 100 -100 9 
-69.2 69.2 -30.8 30.8 -100 100 2 
-100 100 0 0 -100 100 9 
-100 100 0 0 -100 100 9 
100 -100 0 0 100 -100 9 
100 -100 0 0 100 -100 7 
100 -100 0 0 100 -100 9 
-100 100 0 0 -100 100 8 
100 -100 0 0 100 -100 9 
98.7879 -73.6379 1.21212 -26.3621 100 -100 3 
-100 100 0 0 -100 100 9 
-100 100 0 0 -100 100 8 
-100 100 0 0 -100 100 9 
-100 100 0 0 -100 100 9 
-100 100 0 0 -100 100 9 
-7.10543e-15 -7.10543e-15 0 0 -7.10543e-15 -7.10543e-15 9 
-100 100 0 0 -100 100 9 
-100 100 0 0 -100 100 9 
100 -100 0 0 100 -100 9 
-100 100 0 0 -100 100 9 
100 -100 0 0 100 -100 9 
-100 100 0 0 -100 100 9 
100 -100 0 0 100 -100 9 
100 -100 0 0 100 -100 9 
-100 100 0 0 -100 100 9 
-100 100 0 0 -100 100 9 
-100 100 0 0 -100 100 9 
100 -100 0 0 100 -100 9 
100 -100 0 0 100 -100 9 
100 -100 0 0 100 -100 9 
100 -100 0 0 100 -100 9 
-100 100 0 0 -100 100 9 
100 -100 0 0 100 -100 9 
100 -100 0 0 100 -100 9 
100 -100 0 0 100 -100 9 
-72.6 72.6 -27.4 27.4 -100 100 2 
100 -79.3 0 -20.7 100 -100 9 
100 -100 0 0 100 -100 9 
100 -100 0 0 100 -100 9 
-100 100 0 0 -100 100 9 
-100 100 0 0 -100 100 9 
-97.7273 97.7273 -2.27273 2.27273 -100 100 6 
-100 100 0 0 -100 100 9 
-100 100 0 0 -100 100 9 
-100 100 0 0 -100 100 9 
23.9 -23.9 76.1 -76.1 100 -100 1 
-100 100 0 0 -100 100 9 
100 -100 0 0 100 -100 9 
-46.7 46.7 -53.3 53.3 -100 100 2 
-100 101.75 0 -1.75 -100 100 9 
100 -100 0 0 100 -100 9 
100 -100 0 0 100 -100 9 
-7.10543e-15 7.10543e-15 0 0 -7.10543e-15 7.10543e-15 9 
-100 100 0 0 -100 100 9 
-100 100 0 0 -100 100 9 
100 -100 0 0 100 -100 9 
-100 100 0 0 -100 100 9 
100 -100 0 0 100 -100 9 
-100 100 0 0 -100 100 9 
100 -100 0 0 100 -100 9 
-100 100 0 0 -100 100 9 
100 -100 0 0 100 -100 9 
-100 100 0 0 -100 100 9 
-100 100 0 0 -100 100 9 
-100 100 0 0 -100 100 9 
-100 100 0 0 -100 100 8 
-100 100 0 0 -100 100 9 
-100 100 0 0 -100 100 8 
-1.42109e-14 0 0 0 -1.42109e-14 0 9 
100 -98.95 0 -1.05 100 -100 7 
100 -100 0 0 100 -100 9 
-100 100 0 0 -100 100 9 
100 -100 0 0 100 -100 9 
100 -100 0 0 100 -100 9 
100 -100 0 0 100 -100 9 
93.1818 -93.1818 6.81818 -6.81818 100 -100 5 
100 -100 0 0 100 -100 9 
-100 100 0 0 -100 100 8 
100 -100 0 0 100 -100 9 
100 -100 0 0 100 -100 9 
-100 100 0 0 -100 100 9 
100 -100 0 0 100 -100 9 
-100 100 0 0 -100 100 9 
-100 100 0 0 -100 100 9 
100 -100 0 0 100 -100 9 
-81.8182 81.8182 -18.1818 18.1818 -100 100 6 
-100 100 0 0 -100 100 9 
100 -100 0 0 100 -100 9 
-100 100 0 0 -100 100 9 
-4.44089e-15 4.44089e-15 0 0 -4.44089e-15 4.44089e-15 9 
-100 100 0 0 -100 100 8 
100 -100 0 0 100 -100 9 
100 -100 0 0 100 -100 9 
-62.85 62.85 -37.15 37.15 -100 100 2 
-100 100 0 0 -100 100 9 
100 -100 0 0 100 -100 9 
13.7 -13.7 -113.7 113.7 -100 100 2 
100 -100 0 0 100 -100 9 
100 -100 0 0 100 -100 9 
-100 100 0 0 -100 100 9 
-93.5354 93.5354 -6.46465 6.46465 -100 100 4 
-100 100 0 0 -100 100 9 
-100 100 0 0 -100 100 8 
-100 100 0 0 -100 100 9 
100 -100 0 0 100 -100 9 
100 -100 -20100 20100 -20000 20000 8 
-100 100 0 0 -100 100 9 
40.25 -40.25 59.75 -59.75 100 -100 1 
100 -100 0 0 100 -100 9 
100 -100 0 0 100 -100 7 
-100 100 0 0 -100 100 9 
100 -100 0 0 100 -100 9 
100 -100 0 0 100 -100 9 
100 -100 0 0 100 -100 9 
100 -100 0 0 100 -100 9 
-100 100 0 0 -100 100 9 
100 -100 0 0 100 -100 9 
100 -100 0 0 100 -100 9 
-100 100 0 0 -100 100 9 
100 -100 0 0 100 -100 9 
100 -100 0 0 100 -100 9 
100 -62.1 0 -37.9 100 -100 9 
-100 100 0 0 -100 100 9 
-100 100 0 0 -100 100 9 
-100 100 0 0 -100 100 9 
-100 100 0 0 -100 100 9 
100 -100 0 0 100 -100 7 
100 -100 0 0 100 -100 9 
-100 100.15 0 -0.15 -100 100 9 
100 -100 0 0 100 -100 9 
100 -100 0 0 100 -100 9 
100 -100 0 0 100 -100 9 
-75 75 -25 25 -100 100 6 
100 -100 0 0 100 -100 9 
-100 100 0 0 -100 100 9 
100 -100 0 0 100 -100 9 
-100 100 0 0 -100 100 8 
-100 100 0 0 -100 100 9 
-100 100 0 0 -100 100 9 
-100 100 0 0 -100 100 8 
-100 100 0 0 -100 100 9 
-100 100 0 0 -100 100 9 
-100 100 0 0 -100 100 8 
-100 100 0 0 -100 100 9 
100 -100 0 0 100 -100 9 
100 -100 0 0 100 -100 9 
100 -100 0 0 100 -100 9 
-100 100 0 0 -100 100 9 
100 -100 0 0 100 -100 9 
100 -100 0 0 100 -100 9 
-100 100 0 0 -100 100 9 
100 -100 0 0 100 -100 9 
100 -100 0 0 100 -100 7 
-100 100 0 0 -100 100 9 
-100 100 0 0 -100 100 9 
-100 100 0 0 -100 100 9 
-100 100 0 0 -100 100 9 
-100 100 0 0 -100 100 9 
-100 100 0 0 -100 100 9 
92.2222 -92.2222 7.77778 -7.77778 100 -100 3 
-100 100 0 0 -100 100 9 
100 -100 0 0 100 -100 9 
100 -100 0 0 100 -100 9 
100 -100 0 0 100 -100 7 
33.9 -33.9 66.1 -66.1 100 -100 1 
-75 75 -25 25 -100 100 6 
-100 100 0 0 -100 100 8 
-64.5 64.5 -35.5 35.5 -100 100 2 
-100 100 0 0 -100 100 9 
-100 100 0 0 -100 100 9 
100 -100 0 0 100 -100 9 
-100 100 0 0 -100 100 9 
100 -100 0 0 100 -100 9 
100 -100 0 0 100 -100 9 
100 -100 0 0 100 -100 9 
100 -100 0 0 100 -100 9 
100 -100 0 0 100 -100 9 
100 -100 0 0 100 -100 9 
100 -100 0 0 100 -100 9 
100 -100 0 0 100 -100 5 
-100 100 0 0 -100 100 9 
-1.77636e-15 1.77636e-15 0 0 -1.77636e-15 1.77636e-15 9 
-81.8182 81.8182 -18.1818 18.1818 -100 100 6 
-100 100 0 0 -100 100 9 
-100 100 0 0 -100 100 9 
-100 100 0 0 -100 100 8 
100 -100 0 0 100 -100 9 
-100 100 0 0 -100 100 9 
100 -100 0 0 100 -100 9 
100 -100 0 0 100 -100 9 
-100 100 0 0 -100 100 9 
-100 100 0 0 -100 100 9 
100 -100 0 0 100 -100 9 
100 -100 0 0 100 -100 9 
100 -100 0 0 100 -100 9 
-100 100 0 0 -100 100 9 
-100 100 0 0 -100 100 9 
-100 100 0 0 -100 100 8 
1.42109e-14 -1.42109e-14 -20000 20000 -20000 20000 8 
-100 100 0 0 -100 100 8 
-100 100 0 0 -100 100 9 
-100 100 0 0 -100 100 9 
99.3939 -99.3939 0.606061 -0.606061 100 -100 3 
-100 100 0 0 -100 100 9 
-100 100 -19900 19900 -20000 20000 8 
5.32907e-15 1.77636e-15 0 0 5.32907e-15 1.77636e-15 9 
100 -100 0 0 100 -100 9 
-100 100 0 0 -100 100 9 
100 -100 0 0 100 -100 9 
100 -100 0 0 100 -100 9 
100 -100 0 0 100 -100 9 
100 -100 0 0 100 -100 9 
-1.77636e-15 1.77636e-15 0 0 -1.77636e-15 1.77636e-15 9 
-100 100 0 0 -100 100 9 
-100 100 0 0 -100 100 9 
100 -100 0 0 100 -100 9 
100 -100 0 0 100 -100 5 
-100 100 0 0 -100 100 8 
-100 100 0 0 -100 100 9 
-100 100 0 0 -100 100 9 
-100 100 0 0 -100 100 9 
-100 100 0 0 -100 100 9 
100 -100 0 0 100 -100 9 
100 -100 0 0 100 -100 9 
-100 100 0 0 -100 100 9 
100 -100 0 0 100 -100 9 
-100 100 0 0 -100 100 9 
100 -100 0 0 100 -100 9 
100 -100 0 0 100 -100 9 
-99.0909 99.0909 -0.909091 0.909091 -100 100 4 
-100 100 0 0 -100 100 6 
-100 100 0 0 -100 100 9 
100 -100 0 0 100 -100 9 
-100 100 0 0 -100 100 8 
32.55 -32.55 67.45 -67.45 100 -100 1 
-74.15 74.15 -25.85 25.85 -100 100 2 
-100 100 0 0 -100 100 8 
100 -100 0 0 100 -100 9 
-100 100 0 0 -100 100 9 
-100 100 0 0 -100 100 9 
100 -100 0 0 100 -100 9 
-100 100 0 0 -100 100 9 
100 -100 0 0 100 -100 9 
-100 100 0 0 -100 100 9 
-100 100 0 0 -100 100 9 
100 -100 0 0 100 -100 9 
100 -100 0 0 100 -100 9 
100 -100 0 0 100 -100 9 
-100 100 -19900 19900 -20000 20000 8 
100 -100 0 0 100 -100 9 
100 -100 0 0 100 -100 9 
93.1818 -93.1818 6.81818 -6.81818 100 -100 5 
-100 100 0 0 -100 100 9 
-100 100 0 0 -100 100 9 
100 -100 0 0 100 -100 9 
-100 100 0 0 -100 100 9 
100 -100 0 0 100 -100 9 
100 -100 0 0 100 -100 9 
100 -100 0 0 100 -100 9 
-100 100 0 0 -100 100 8 
100 -100 0 0 100 -100 9 
100 -100 0 0 100 -100 9 
-93.1818 93.1818 -6.81818 6.81818 -100 100 6 
-100 100 0 0 -100 100 9 
-100 100 0 0 -100 100 9 
-100 100 0 0 -100 100 9 
100 -100 0 0 100 -100 9 
100 -100 0 0 100 -100 9 
100 -100 0 0 100 -100 7 
100 -100 0 0 100 -100 9 
100 -100 0 0 100 -100 9 
100 -100 0 0 100 -100 9 
-100 100 0 0 -100 100 9 
-100 100 0 0 -100 100 9 
100 -100 0 0 100 -100 9 
100 -100 0 0 100 -100 9 
100 -100 0 0 100 -100 9 
100 -100 0 0 100 -100 9 
-100 100 0 0 -100 100 9 
100 -100 0 0 100 -100 9 
-100 100 0 0 -100 100 9 
100 -100 0 0 100 -100 9 
-100 100 0 0 -100 100 9 
-100 100 0 0 -100 100 9 
-100 100 0 0 -100 100 9 
-100 100 0 0 -100 100 9 
-100 100 0 0 -100 100 9 
-100 100 0 0 -100 100 8 
100 -100 0 0 100 -100 9 
100 -100 0 0 100 -100 9 
100 -100 0 0 100 -100 9 
100 -100 0 0 100 -100 9 
31.05 -31.05 68.95 -68.95 100 -100 1 
-100 100 0 0 -100 100 9 
-100 100 0 0 -100 100 9 
100 -100 0 0 100 -100 9 
100 -100 0 0 100 -100 9 
100 -100 0 0 100 -100 9 
-100 100 0 0 -100 100 9 
-100 100 0 0 -100 100 9 
100 -100 0 0 100 -100 9 
100 -100 0 0 100 -100 9 
100 -100 0 0 100 -100 7 
-100 100 0 0 -100 100 9 
100 -100 0 0 100 -100 9 
100 -100 0 0 100 -100 9 
-100 100 0 0 -100 100 8 
100 -100 0 0 100 -100 9 
-100 101.2 0 -1.2 -100 100 9 
100 -100 0 0 100 -100 7 
-100 100 0 0 -100 100 8 
-100 100 0 0 -100 100 9 
-56.85 56.85 -43.15 43.15 -100 100 2 
-100 129.05 0 -29.05 -100 100 9 
100 -100 0 0 100 -100 9 
100 -100 0 0 100 -100 9 
100 -100 0 0 100 -100 9 
-100 100 0 0 -100 100 9 
100 -100 0 0 100 -100 9 
100 -100 0 0 100 -100 9 
100 -100 0 0 100 -100 9 
100 -100 0 0 100 -100 9 
100 -100 0 0 100 -100 9 
86.3636 -86.3636 13.6364 -13.6364 100 -100 5 
100 -100 0 0 100 -100 9 
100 -100 0 0 100 -100 9 
-36.65 36.65 -63.35 63.35 -100 100 2 
-95.4545 95.4545 -4.54545 4.54545 -100 100 6 
-100 100 0 0 -100 100 9 
100 -100 0 0 100 -100 7 
-100 100 0 0 -100 100 9 
-100 100 0 0 -100 100 9 
-100 100 0 0 -100 100 6 
-100 100 0 0 -100 100 9 
-100 100 0 0 -100 100 9 
-100 100 0 0 -100 100 9 
100 -100 0 0 100 -100 9 
100 -100 0 0 100 -100 7 
100 -100 0 0 100 -100 9 
-100 100 0 0 -100 100 9 
100 -100 0 0 100 -100 7 
100 -100 0 0 100 -100 9 
100 -100 0 0 100 -100 9 
100 -100 0 0 100 -100 9 
100 -100 0 0 100 -100 9 
100 -100 0 0 100 -100 7 
1.42109e-14 -1.42109e-14 -20000 20000 -20000 20000 8 
-100 100 0 0 -100 100 6 
-100 100 0 0 -100 100 9 
100 -100 0 0 100 -100 9 
-100 100 0 0 -100 100 9 
-100 100 0 0 -100 100 9 
100 -100 0 0 100 -100 9 
100 -100 0 0 100 -100 9 
-100 100 0 0 -100 100 9 
-100 100 0 0 -100 100 9 
100 -100 0 0 100 -100 9 
100 -100 0 0 100 -100 9 
100 -100 0 0 100 -100 9 
-100 100 0 0 -100 100 9 
100 -100 -20100 20100 -20000 20000 8 
100 -100 0 0 100 -100 9 
-39.55 39.55 -60.45 60.45 -100 100 2 
-100 100 0 0 -100 100 9 
-100 100 0 0 -100 100 9 
100 -100 0 0 100 -100 9 
-100 100 0 0 -100 100 9 
100 -100 0 0 100 -100 9 
100 -100 0 0 100 -100 9 
-100 100 0 0 -100 100 9 
-100 100 0 0 -100 100 9 
100 -100 0 0 100 -100 9 
100 -100 0 0 100 -100 7 
100 -100 0 0 100 -100 9 
39.1919 -39.1919 60.8081 -60.8081 100 -100 3 
100 -100 0 0 100 -100 9 
100 -100 0 0 100 -100 9 
100 -100 0 0 100 -100 9 
100 -100 0 0 100 -100 9 
-100 100 0 0 -100 100 9 
100 -100 0 0 100 -100 9 
100 -100 0 0 100 -100 7 
-100 100 0 0 -100 100 9 
-20.6 20.6 -79.4 79.4 -100 100 2 
100 -100 0 0 100 -100 9 
100 -100 0 0 100 -100 9 
-100 100 0 0 -100 100 9 
100 -100 0 0 100 -100 9 
-100 100 0 0 -100 100 9 
100 -100 0 0 100 -100 9 
100 -100 0 0 100 -100 9 
-100 100 0 0 -100 100 9 
100 -100 0 0 100 -100 9 
-100 100 -19900 19900 -20000 20000 8 
100 -100 0 0 100 -100 9 
-7.10543e-15 -1.42109e-14 -20000 20000 -20000 20000 8 
100 -100 0 0 100 -100 7 
-100 100 0 0 -100 100 9 
100 -100 0 0 100 -100 9 
-100 100 0 0 -100 100 9 
-100 100 0 0 -100 100 9 
1.42109e-14 0 0 0 1.42109e-14 0 9 
-100 100 0 0 -100 100 9 
100 -100 0 0 100 -100 9 
-81.8182 81.8182 -18.1818 18.1818 -100 100 6 
100 -100 0 0 100 -100 9 
-100 100 0 0 -100 100 9 
-100 100 0 0 -100 100 9 
-100 100 0 0 -100 100 9 
-100 100 0 0 -100 100 9 
100 -87.75 0 -12.25 100 -100 9 
100 -100 0 0 100 -100 9 
-100 100 0 0 -100 100 9 
100 -100 0 0 100 -100 9 
100 -100 0 0 100 -100 9 
-100 100 0 0 -100 100 9 
-47.6 47.6 -52.4 52.4 -100 100 2 
-100 100 0 0 -100 100 9 
50.25 -50 49.75 -50 100 -100 1 
-100 100 0 0 -100 100 9 
-100 100 0 0 -100 100 9 
100 -100 0 0 100 -100 9 
100 -100 0 0 100 -100 9 
-100 100 0 0 -100 100 9 
100 -100 0 0 100 -100 9 
100 -100 0 0 100 -100 9 
100 -100 0 0 100 -100 9 
-100 100 0 0 -100 100 9 
-100 100 0 0 -100 100 9 
50.9091 -50.9091 49.0909 -49.0909 100 -100 3 
100 -100 0 0 100 -100 9 
100 -100 0 0 100 -100 9 
-86.3636 86.3636 -13.6364 13.6364 -100 100 6 
-100 100 0 0 -100 100 9 
93.1818 -93.1818 6.81818 -6.81818 100 -100 5 
-100 100 0 0 -100 100 9 
-100 100 0 0 -100 100 9 
-100 100 0 0 -100 100 9 
100 -100 0 0 100 -100 9 
-100 100 0 0 -100 100 9 
-100 100 0 0 -100 100 8 
100 -100 0 0 100 -100 9 
-100 100 0 0 -100 100 9 
100 -100 0 0 100 -100 9 
63.85 -50 36.15 -50 100 -100 1 
-100 100 0 0 -100 100 9 
100 -100 0 0 100 -100 9 
100 -100 0 0 100 -100 5 
-100 100 0 0 -100 100 9 
-100 100 0 0 -100 100 9 
100 -100 0 0 100 -100 9 
-100 100 0 0 -100 100 8 
100 -100 0 0 100 -100 9 
100 -100 0 0 100 -100 7 
100 -100 0 0 100 -100 9 
-100 100 0 0 -100 100 9 
100 -100 0 0 100 -100 9 
100 -100 0 0 100 -100 9 
100 -100 0 0 100 -100 7 
-100 100 0 0 -100 100 9 
100 -100 0 0 100 -100 9 
-100 100 0 0 -100 100 9 
100 -100 0 0 100 -100 9 
100 -100 0 0 100 -100 9 
-100 100 0 0 -100 100 9 
-26 26 -74 74 -100 100 2 
100 -100 0 0 100 -100 9 
-7.8 7.8 107.8 -107.8 100 -100 1 
100 -100 0 0 100 -100 9 
-30.15 30.15 -69.85 69.85 -100 100 2 
-100 100 0 0 -100 100 9 
100 -100 0 0 100 -100 9 
100 -100 0 0 100 -100 9 
-100 100 0 0 -100 100 9 
3.55271e-15 -3.55271e-15 0 0 3.55271e-15 -3.55271e-15 9 
100 -100 0 0 100 -100 9 
-100 100 0 0 -100 100 9 
-71.0101 71.0101 -28.9899 28.9899 -100 100 4 
-100 100 0 0 -100 100 9 
-100 100 0 0 -100 100 9 
100 -100 0 0 100 -100 9 
100 -100 0 0 100 -100 9 
-100 100 0 0 -100 100 9 
-100 100 0 0 -100 100 9 
100 -100 0 0 100 -100 9 
-100 100 0 0 -100 100 9 
66.1 -50 33.9 -50 100 -100 1 
-100 100 0 0 -100 100 9 
100 -100 0 0 100 -100 9 
93.1818 -93.1818 6.81818 -6.81818 100 -100 5 
100 -100 0 0 100 -100 7 
100 -100 0 0 100 -100 9 
-100 100 0 0 -100 100 8 
29.55 -29.55 70.45 -70.45 100 -100 1 
-100 100 0 0 -100 100 9 
100 -100 0 0 100 -100 9 
-26.65 26.65 -73.35 73.35 -100 100 2 
100 -100 0 0 100 -100 9 
-100 100 0 0 -100 100 9 
100 -100 0 0 100 -100 9 
100 -100 0 0 100 -100 9 
-100 100 0 0 -100 100 9 
-4.44089e-15 4.44089e-15 0 0 -4.44089e-15 4.44089e-15 9 
100 -100 0 0 100 -100 7 
100 -100 0 0 100 -100 7 
100 -100 0 0 100 -100 9 
100 -100 0 0 100 -100 9 
-4.88498e-15 1.77636e-15 0 0 -4.88498e-15 1.77636e-15 9 
100 -100 0 0 100 -100 9 
-8.88178e-16 8.88178e-16 0 0 -8.88178e-16 8.88178e-16 9 
100 -100 0 0 100 -100 9 
-100 100 0 0 -100 100 9 
100 -100 0 0 100 -100 9 
100 -100 0 0 100 -100 9 
-100 100 0 0 -100 100 9 
-100 100 0 0 -100 100 9 
-100 100 0 0 -100 100 9 
100 -100 0 0 100 -100 9 
5.32907e-15 -5.32907e-15 0 0 5.32907e-15 -5.32907e-15 9 
-100 100 0 0 -100 100 9 
-100 100 0 0 -100 100 9 
100 -100 0 0 100 -100 9 
30.55 -30.55 69.45 -69.45 100 -100 1 
-100 100 0 0 -100 100 9 
-100 100 0 0 -100 100 9 
-100 100 0 0 -100 100 6 
-100 100 0 0 -100 100 9 
100 -100 0 0 100 -100 9 
100 -100 0 0 100 -100 9 
-1.42109e-14 1.42109e-14 -20000 20000 -20000 20000 8 
-100 100 0 0 -100 100 9 
86.3636 -86.3636 13.6364 -13.6364 100 -100 5 
100 -100 0 0 100 -100 9 
0 0 0 0 0 0 9 
100 -100 0 0 100 -100 9 
100 -100 0 0 100 -100 9 
67.45 -50 32.55 -50 100 -100 1 
-100 100 0 0 -100 100 9 
-100 100 0 0 -100 100 9 
-100 100 0 0 -100 100 9 
100 -100 0 0 100 -100 9 
-100 100 0 0 -100 100 9 
100 -100 0 0 100 -100 9 
100 -100 0 0 100 -100 9 
7.10543e-15 -7.10543e-15 0 0 7.10543e-15 -7.10543e-15 9 
-100 100 0 0 -100 100 9 
-100 100 0 0 -100 100 9 
-100 100 0 0 -100 100 8 
5.32907e-15 -5.32907e-15 0 0 5.32907e-15 -5.32907e-15 9 
100 -100 0 0 100 -100 9 
-100 100 0 0 -100 100 9 
100 -100 0 0 100 -100 9 
100 -100 0 0 100 -100 9 
-100 100 0 0 -100 100 9 
-100 100 0 0 -100 100 9 
100 -100 0 0 100 -100 9 
100 -100 0 0 100 -100 9 
100 -100 0 0 100 -100 9 
100 -100 0 0 100 -100 9 
-100 100 0 0 -100 100 9 
100 -100 0 0 100 -100 9 
0 0 0 0 0 0 9 
100 -100 0 0 100 -100 9 
-100 100 0 0 -100 100 9 
-100 100 0 0 -100 100 9 
-100 100 0 0 -100 100 9 
100 -100 0 0 100 -100 9 
100 -100 0 0 100 -100 9 
-93.1818 93.1818 -6.81818 6.81818 -100 100 6 
100 -100 0 0 100 -100 9 
-100 100 0 0 -100 100 4 
100 -100 0 0 100 -100 9 
-100 100 0 0 -100 100 9 
100 -100 0 0 100 -100 7 
100 -100 0 0 100 -100 9 
-100 100 0 0 -100 100 9 
100 -100 0 0 100 -100 9 
100 -100 0 0 100 -100 9 
100 -100 0 0 100 -100 9 
-100 100 0 0 -100 100 9 
1.42109e-14 0 0 0 1.42109e-14 0 9 
-100 100 0 0 -100 100 9 
100 -100 0 0 100 -100 9 
100 -100 0 0 100 -100 9 
-100 100 0 0 -100 100 8 
100 -100 0 0 100 -100 5 
-100 100 0 0 -100 100 9 
93.1818 -93.1818 6.81818 -6.81818 100 -100 5 
-100 100 0 0 -100 100 9 
-100 100 0 0 -100 100 9 
-100 100 0 0 -100 100 9 
-100 100 0 0 -100 100 9 
-100 100 0 0 -100 100 9 
100 -100 0 0 100 -100 9 
100 -100 0 0 100 -100 9 
100 -100 0 0 100 -100 9 
-100 100 0 0 -100 100 9 
100 -100 0 0 100 -100 9 
-100 100 0 0 -100 100 9 
100 -100 0 0 100 -100 5 
100 -100 0 0 100 -100 9 
100 -100 0 0 100 -100 7 
-100 100 0 0 -100 100 9 
-67.8 67.8 -32.2 32.2 -100 100 2 
100 -100 0 0 100 -100 9 
100 -100 0 0 100 -100 9 
100 -86.35 0 -13.65 100 -100 9 
-100 100 -19900 19900 -20000 20000 8 
100 -100 0 0 100 -100 9 
-100 100 0 0 -100 100 9 
100 -100 0 0 100 -100 9 
100 -100 0 0 100 -100 9 
100 -100 0 0 100 -100 9 
-100 100 0 0 -100 100 9 
-100 100 0 0 -100 100 9 
100 -100 0 0 100 -100 7 
-100 100 0 0 -100 100 9 
81.8182 -81.8182 18.1818 -18.1818 100 -100 5 
100 -100 0 0 100 -100 9 
-100 100 0 0 -100 100 9 
-100 100 0 0 -100 100 9 
81.8182 -81.8182 18.1818 -18.1818 100 -100 5 
100 -100 0 0 100 -100 9 
-100 100 0 0 -100 100 9 
-100 100 0 0 -100 100 9 
6.21725e-15 -6.21725e-15 0 0 6.21725e-15 -6.21725e-15 9 
-3.55271e-15 3.55271e-15 0 0 -3.55271e-15 3.55271e-15 9 
-100 100 0 0 -100 100 9 
100 -100 0 0 100 -100 7 
-100 100 0 0 -100 100 9 
100 -100 0 0 100 -100 5 
100 -100 -20100 20100 -20000 20000 8 
-100 100 0 0 -100 100 9 
-100 100 0 0 -100 100 9 
100 -100 0 0 100 -100 7 
-100 100 0 0 -100 100 9 
-100 100 0 0 -100 100 9 
-100 100 0 0 -100 100 9 
100 -100 0 0 100 -100 9 
100 -100 0 0 100 -100 9 
-100 100 0 0 -100 100 9 
100 -100 0 0 100 -100 9 
100 -100 0 0 100 -100 9 
-100 100 0 0 -100 100 9 
-100 100 0 0 -100 100 8 
-100 100 0 0 -100 100 9 
-100 100 0 0 -100 100 9 
100 -100 0 0 100 -100 9 
100 -100 0 0 100 -100 9 
1.33227e-15 -8.88178e-16 0 0 1.33227e-15 -8.88178e-16 9 
-100 100 -19900 19900 -20000 20000 6 
73.8 -50 26.2 -50 100 -100 1 
100 -100 0 0 100 -100 9 
-39.4 39.4 -60.6 60.6 -100 100 2 
-100 100 0 0 -100 100 8 
-100 100 0 0 -100 100 9 
-100 100 0 0 -100 100 9 
100 -100 0 0 100 -100 7 
-100 100 0 0 -100 100 9 
100 -100 0 0 100 -100 9 
95.4545 -95.4545 4.54545 -4.54545 100 -100 5 
100 -100 0 0 100 -100 9 
-100 100 0 0 -100 100 9 
-100 100 0 0 -100 100 9 
22.5 -22.5 77.5 -77.5 100 -100 1 
-100 100 0 0 -100 100 9 
100 -100 0 0 100 -100 9 
100 -100 0 0 100 -100 9 
-100 100 0 0 -100 100 9 
-100 100 0 0 -100 100 9 
-100 100 0 0 -100 100 9 
-43.75 43.75 -56.25 56.25 -100 100 2 
-100 100 0 0 -100 100 9 
-100 100 0 0 -100 100 9 
-86.3636 86.3636 -13.6364 13.6364 -100 100 6 
-3.55271e-15 3.55271e-15 0 0 -3.55271e-15 3.55271e-15 9 
7.10543e-15 7.10543e-15 0 0 7.10543e-15 7.10543e-15 9 
-100 100 0 0 -100 100 9 
100 -100 0 0 100 -100 9 
24.7 -24.7 75.3 -75.3 100 -100 1 
100 -100 0 0 100 -100 7 
95.4545 -95.4545 4.54545 -4.54545 100 -100 5 