31.2 -31.2 18.8 -18.8 50 -50 0 
-28.15 28.15 78.15 -78.15 50 -50 0 
-1.15 1.15 51.15 -51.15 50 -50 0 
-33.15 33.15 83.15 -83.15 50 -50 0 
26.65 -26.65 23.35 -23.35 50 -50 0 
28.7 -28.7 21.3 -21.3 50 -50 0 
38.65 -38.65 11.35 -11.35 50 -50 0 
20.1 -20.1 29.9 -29.9 50 -50 0 
32.15 -32.15 17.85 -17.85 50 -50 0 
8.85 -8.85 41.15 -41.15 50 -50 0 
42.65 -42.65 7.35 -7.35 50 -50 0 
-10.35 10.35 -89.65 89.65 -100 100 2 
-34.3 34.3 84.3 -84.3 50 -50 0 
-30.7 30.7 80.7 -80.7 50 -50 0 
-23.2 23.2 73.2 -73.2 50 -50 0 
25.75 -25.75 24.25 -24.25 50 -50 0 
-8.05 8.05 -91.95 91.95 -100 100 2 
1.75 -1.75 -101.75 101.75 -100 100 2 
-38.9 38.9 -61.1 61.1 -100 100 2 
23.85 -23.85 26.15 -26.15 50 -50 0 
24.6 -24.6 25.4 -25.4 50 -50 0 
15.85 -15.85 34.15 -34.15 50 -50 0 
-26 26 76 -76 50 -50 0 
-33.9 33.9 83.9 -83.9 50 -50 0 
-27.95 27.95 77.95 -77.95 50 -50 0 
10.5 -10.5 39.5 -39.5 50 -50 0 
47.25 -47.25 2.75 -2.75 50 -50 0 
22.4 -22.4 27.6 -27.6 50 -50 0 
-4.5 4.5 54.5 -54.5 50 -50 0 
39.85 -39.85 10.15 -10.15 50 -50 0 
-36.55 36.55 86.55 -86.55 50 -50 0 
34.55 -34.55 15.45 -15.45 50 -50 0 
47.25 -47.25 2.75 -2.75 50 -50 0 
41.85 -41.85 8.15 -8.15 50 -50 0 
-16.85 16.85 66.85 -66.85 50 -50 0 
-27.1 27.1 77.1 -77.1 50 -50 0 
-51.85 51.85 101.85 -101.85 50 -50 0 
14.65 -14.65 35.35 -35.35 50 -50 0 
14.5 -14.5 35.5 -35.5 50 -50 0 
62.2 -50 -12.2 0 50 -50 0 
33.25 -33.25 16.75 -16.75 50 -50 0 
8.8 -8.8 41.2 -41.2 50 -50 0 
50.45 -50 -0.45 0 50 -50 0 
-34.35 34.35 84.35 -84.35 50 -50 0 
17.3 -17.3 32.7 -32.7 50 -50 0 
11 -11 39 -39 50 -50 0 
-13.15 13.15 63.15 -63.15 50 -50 0 
27.35 -27.35 22.65 -22.65 50 -50 0 
-46.5 46.5 96.5 -96.5 50 -50 0 
54.05 -50 -4.05 0 50 -50 0 
-8.85 8.85 58.85 -58.85 50 -50 0 
49.15 -49.15 0.85 -0.85 50 -50 0 
-7.15 7.15 57.15 -57.15 50 -50 0 
-26.3 26.3 76.3 -76.3 50 -50 0 
31.1 -31.1 18.9 -18.9 50 -50 0 
-25.6 25.6 75.6 -75.6 50 -50 0 
-26 26 76 -76 50 -50 0 
-20.1 20.1 70.1 -70.1 50 -50 0 
-16.7 16.7 66.7 -66.7 50 -50 0 
25.55 -25.55 24.45 -24.45 50 -50 0 
11.35 -11.35 38.65 -38.65 50 -50 0 
-1.6 1.6 51.6 -51.6 50 -50 0 
42.7 -42.7 7.3 -7.3 50 -50 0 
6.6 -6.6 43.4 -43.4 50 -50 0 
-43.1 43.1 93.1 -93.1 50 -50 0 
-16.95 16.95 66.95 -66.95 50 -50 0 
13.2 -13.2 36.8 -36.8 50 -50 0 
7.65 -7.65 42.35 -42.35 50 -50 0 
-18.5 18.5 68.5 -68.5 50 -50 0 
-29.65 29.65 79.65 -79.65 50 -50 0 
86.7 -50 -36.7 0 50 -50 0 
-73.1 73.1 -26.9 26.9 -100 100 2 
28.1 -28.1 21.9 -21.9 50 -50 0 
33.7 -33.7 16.3 -16.3 50 -50 0 
22.55 -22.55 27.45 -27.45 50 -50 0 
-22.15 22.15 72.15 -72.15 50 -50 0 
-37.85 37.85 87.85 -87.85 50 -50 0 
-1.4 1.4 51.4 -51.4 50 -50 0 
-32 32 82 -82 50 -50 0 
23.55 -23.55 26.45 -26.45 50 -50 0 
-36.7 36.7 -63.3 63.3 -100 100 2 
10.3 -10.3 39.7 -39.7 50 -50 0 
37.3 -37.3 12.7 -12.7 50 -50 0 
75.6 -50 -25.6 0 50 -50 0 
44.4 -44.4 5.6 -5.6 50 -50 0 
-7.9 7.9 57.9 -57.9 50 -50 0 
-13.55 13.55 63.55 -63.55 50 -50 0 
22.1 -22.1 27.9 -27.9 50 -50 0 
45.65 -45.65 4.35 -4.35 50 -50 0 
-32.2 32.2 82.2 -82.2 50 -50 0 
23.5 -23.5 26.5 -26.5 50 -50 0 
10.15 -10.15 39.85 -39.85 50 -50 0 
13.2 -13.2 36.8 -36.8 50 -50 0 
-23.6 23.6 73.6 -73.6 50 -50 0 
11 -11 39 -39 50 -50 0 
-31.4 31.4 81.4 -81.4 50 -50 0 
29.4 -29.4 20.6 -20.6 50 -50 0 
37.4 -37.4 12.6 -12.6 50 -50 0 
29.15 -29.15 20.85 -20.85 50 -50 0 
33.55 -33.55 16.45 -16.45 50 -50 0 
18.25 -18.25 31.75 -31.75 50 -50 0 
24.5 -24.5 25.5 -25.5 50 -50 0 
-38.65 38.65 88.65 -88.65 50 -50 0 
21.25 -21.25 28.75 -28.75 50 -50 0 
2.15 -2.15 47.85 -47.85 50 -50 0 
72.65 -50 -22.65 0 50 -50 0 
35.5 -35.5 14.5 -14.5 50 -50 0 
-38.85 38.85 -61.15 61.15 -100 100 2 
-76.45 76.45 -23.55 23.55 -100 100 2 
-32.9 32.9 -67.1 67.1 -100 100 2 
63.85 -50 -163.85 150 -100 100 2 
30.75 -30.75 19.25 -19.25 50 -50 0 
-19.65 19.65 69.65 -69.65 50 -50 0 
64.85 -50 -14.85 0 50 -50 0 
-25.25 25.25 75.25 -75.25 50 -50 0 
43.35 -43.35 6.65 -6.65 50 -50 0 
-21.45 21.45 71.45 -71.45 50 -50 0 
13.2 -13.2 36.8 -36.8 50 -50 0 
-28.35 28.35 78.35 -78.35 50 -50 0 
-4.85 4.85 54.85 -54.85 50 -50 0 
-24.6 24.6 74.6 -74.6 50 -50 0 
-46.45 46.45 96.45 -96.45 50 -50 0 
-22.6 22.6 72.6 -72.6 50 -50 0 
17.1 -17.1 32.9 -32.9 50 -50 0 
25.05 -25.05 24.95 -24.95 50 -50 0 
3.8 -3.8 46.2 -46.2 50 -50 0 
18.7 -18.7 31.3 -31.3 50 -50 0 
-36.3 36.3 86.3 -86.3 50 -50 0 
19.15 -19.15 30.85 -30.85 50 -50 0 
-24.05 24.05 74.05 -74.05 50 -50 0 
-29.75 29.75 79.75 -79.75 50 -50 0 
-14.6 14.6 64.6 -64.6 50 -50 0 
37.35 -37.35 12.65 -12.65 50 -50 0 
27.7 -27.7 22.3 -22.3 50 -50 0 
29.35 -29.35 20.65 -20.65 50 -50 0 
17.25 -17.25 32.75 -32.75 50 -50 0 
-26.8 26.8 76.8 -76.8 50 -50 0 
-31.85 31.85 81.85 -81.85 50 -50 0 
-26.85 26.85 76.85 -76.85 50 -50 0 
-45.25 45.25 95.25 -95.25 50 -50 0 
-40.3 40.3 90.3 -90.3 50 -50 0 
-2.05 2.05 -97.95 97.95 -100 100 2 
-38 38 -62 62 -100 100 2 
15.95 -15.95 34.05 -34.05 50 -50 0 
20 -20 30 -30 50 -50 0 
27.05 -27.05 22.95 -22.95 50 -50 0 
-35.45 35.45 85.45 -85.45 50 -50 0 
30.7 -30.7 19.3 -19.3 50 -50 0 
-28.25 28.25 78.25 -78.25 50 -50 0 
25.5 -25.5 24.5 -24.5 50 -50 0 
49.2 -49.2 0.8 -0.8 50 -50 0 
-9.05 9.05 59.05 -59.05 50 -50 0 
-23.2 23.2 73.2 -73.2 50 -50 0 
-31.55 31.55 81.55 -81.55 50 -50 0 
-20.55 20.55 70.55 -70.55 50 -50 0 
-26 26 76 -76 50 -50 0 
30.7 -30.7 19.3 -19.3 50 -50 0 
-29.2 29.2 79.2 -79.2 50 -50 0 
-24.1 24.1 74.1 -74.1 50 -50 0 
6.35 -6.35 43.65 -43.65 50 -50 0 
-22.2 22.2 72.2 -72.2 50 -50 0 
31.75 -31.75 18.25 -18.25 50 -50 0 
-31.05 31.05 81.05 -81.05 50 -50 0 
16.95 -16.95 33.05 -33.05 50 -50 0 
-31.55 31.55 81.55 -81.55 50 -50 0 
-6.9 6.9 56.9 -56.9 50 -50 0 
-33.9 33.9 83.9 -83.9 50 -50 0 
32.85 -32.85 17.15 -17.15 50 -50 0 
-75.15 75.15 -24.85 24.85 -100 100 2 
-21 21 71 -71 50 -50 0 
33.85 -33.85 16.15 -16.15 50 -50 0 
-29.25 29.25 79.25 -79.25 50 -50 0 
-68.25 68.25 -31.75 31.75 -100 100 2 
32.3 -32.3 17.7 -17.7 50 -50 0 
-7.55 7.55 -92.45 92.45 -100 100 2 
-4.05 4.05 54.05 -54.05 50 -50 0 
11.05 -11.05 38.95 -38.95 50 -50 0 
19.4 -19.4 30.6 -30.6 50 -50 0 
-26.1 26.1 76.1 -76.1 50 -50 0 
23.95 -23.95 26.05 -26.05 50 -50 0 
-5.55 5.55 -94.45 94.45 -100 100 2 
-16.45 16.45 66.45 -66.45 50 -50 0 
34.5 -34.5 15.5 -15.5 50 -50 0 
12.3 -12.3 37.7 -37.7 50 -50 0 
32.35 -32.35 17.65 -17.65 50 -50 0 
-31.75 31.75 81.75 -81.75 50 -50 0 
-7.6 7.6 -92.4 92.4 -100 100 2 
-50.8 50.8 100.8 -100.8 50 -50 0 
40.35 -40.35 9.65 -9.65 50 -50 0 
-8.6 8.6 58.6 -58.6 50 -50 0 
31.95 -31.95 18.05 -18.05 50 -50 0 
-28.5 28.5 78.5 -78.5 50 -50 0 
-37.7 37.7 87.7 -87.7 50 -50 0 
-18.2 18.2 68.2 -68.2 50 -50 0 
18.2 -18.2 31.8 -31.8 50 -50 0 
24.7 -24.7 25.3 -25.3 50 -50 0 
48.7 -48.7 1.3 -1.3 50 -50 0 
8.85 -8.85 41.15 -41.15 50 -50 0 
50.5 -50 -0.5 0 50 -50 0 
17.25 -17.25 32.75 -32.75 50 -50 0 
64.5 -50 -14.5 0 50 -50 0 
34.6 -34.6 15.4 -15.4 50 -50 0 
-10.4 10.4 60.4 -60.4 50 -50 0 
48.25 -48.25 1.75 -1.75 50 -50 0 
-9.95 9.95 59.95 -59.95 50 -50 0 
-28.65 28.65 78.65 -78.65 50 -50 0 
-16.9 16.9 66.9 -66.9 50 -50 0 
29.45 -29.45 20.55 -20.55 50 -50 0 
27.6 -27.6 22.4 -22.4 50 -50 0 
30.4 -30.4 19.6 -19.6 50 -50 0 
4 -4 46 -46 50 -50 0 
-45.55 45.55 95.55 -95.55 50 -50 0 
11.95 -11.95 38.05 -38.05 50 -50 0 
31.6 -31.6 18.4 -18.4 50 -50 0 
-14.6 14.6 64.6 -64.6 50 -50 0 
-45.85 45.85 95.85 -95.85 50 -50 0 
24.4 -24.4 25.6 -25.6 50 -50 0 
-29.5 29.5 79.5 -79.5 50 -50 0 
14.75 -14.75 35.25 -35.25 50 -50 0 
-33.05 33.05 83.05 -83.05 50 -50 0 
31.4 -31.4 18.6 -18.6 50 -50 0 
34.2 -34.2 15.8 -15.8 50 -50 0 
52.8 -50 -2.8 0 50 -50 0 
-22.7 22.7 72.7 -72.7 50 -50 0 
-59.8 59.8 -40.2 40.2 -100 100 2 
-29.8 29.8 -70.2 70.2 -100 100 2 
-68.35 68.35 -31.65 31.65 -100 100 2 
11.85 -11.85 38.15 -38.15 50 -50 0 
45.15 -45.15 4.85 -4.85 50 -50 0 
-37.7 37.7 87.7 -87.7 50 -50 0 
28.5 -28.5 21.5 -21.5 50 -50 0 
-5.8 5.8 55.8 -55.8 50 -50 0 
3.85 -3.85 46.15 -46.15 50 -50 0 
-66.05 66.05 -33.95 33.95 -100 100 2 
-27.8 27.8 77.8 -77.8 50 -50 0 
-20.2 20.2 70.2 -70.2 50 -50 0 
34.85 -34.85 15.15 -15.15 50 -50 0 
72.2 -50 -22.2 0 50 -50 0 
-37.85 37.85 87.85 -87.85 50 -50 0 
-0.9 0.9 50.9 -50.9 50 -50 0 
40.25 -40.25 9.75 -9.75 50 -50 0 
-13.25 13.25 63.25 -63.25 50 -50 0 
21.25 -21.25 28.75 -28.75 50 -50 0 
-13.7 13.7 63.7 -63.7 50 -50 0 
34.3 -34.3 15.7 -15.7 50 -50 0 
-27.25 27.25 77.25 -77.25 50 -50 0 
-30.45 30.45 80.45 -80.45 50 -50 0 
-16.8 16.8 66.8 -66.8 50 -50 0 
32.2 -32.2 17.8 -17.8 50 -50 0 
28.45 -28.45 21.55 -21.55 50 -50 0 
45.6 -45.6 4.4 -4.4 50 -50 0 
-73.4 73.4 -26.6 26.6 -100 100 2 
31.05 -31.05 18.95 -18.95 50 -50 0 
-11.5 11.5 -88.5 88.5 -100 100 2 
14.9 -14.9 35.1 -35.1 50 -50 0 
-32.45 32.45 82.45 -82.45 50 -50 0 
-6.7 6.7 56.7 -56.7 50 -50 0 
12.3 -12.3 37.7 -37.7 50 -50 0 
45 -45 5 -5 50 -50 0 
35.85 -35.85 14.15 -14.15 50 -50 0 
-25.95 25.95 75.95 -75.95 50 -50 0 
-29 29 79 -79 50 -50 0 
-28 28 78 -78 50 -50 0 
-24.75 24.75 74.75 -74.75 50 -50 0 
24.5 -24.5 25.5 -25.5 50 -50 0 
0.25 -0.25 -100.25 100.25 -100 100 2 
-49.25 49.25 99.25 -99.25 50 -50 0 
-30.35 30.35 80.35 -80.35 50 -50 0 
-32.6 32.6 82.6 -82.6 50 -50 0 
-1.8 1.8 51.8 -51.8 50 -50 0 
-32.3 32.3 82.3 -82.3 50 -50 0 
27.45 -27.45 22.55 -22.55 50 -50 0 
23.85 -23.85 26.15 -26.15 50 -50 0 
-14.25 14.25 64.25 -64.25 50 -50 0 
36 -36 14 -14 50 -50 0 
28.2 -28.2 21.8 -21.8 50 -50 0 
75.55 -50 -25.55 0 50 -50 0 
-26.2 26.2 76.2 -76.2 50 -50 0 
-17.45 17.45 67.45 -67.45 50 -50 0 
43.85 -43.85 6.15 -6.15 50 -50 0 
22 -22 28 -28 50 -50 0 
26.9 -26.9 23.1 -23.1 50 -50 0 
-0.85 0.85 50.85 -50.85 50 -50 0 
46.7 -46.7 3.3 -3.3 50 -50 0 
37.1 -37.1 12.9 -12.9 50 -50 0 
-15.3 15.3 65.3 -65.3 50 -50 0 
-14.1 14.1 64.1 -64.1 50 -50 0 
-17.7 17.7 67.7 -67.7 50 -50 0 
-25.8 25.8 75.8 -75.8 50 -50 0 
-31.05 31.05 81.05 -81.05 50 -50 0 
31.15 -31.15 18.85 -18.85 50 -50 0 
35.25 -35.25 14.75 -14.75 50 -50 0 
-20 20 70 -70 50 -50 0 
42 -42 8 -8 50 -50 0 
-10.55 10.55 60.55 -60.55 50 -50 0 
48.95 -48.95 1.05 -1.05 50 -50 0 
-29.9 29.9 79.9 -79.9 50 -50 0 
-32.45 32.45 82.45 -82.45 50 -50 0 
37.55 -37.55 12.45 -12.45 50 -50 0 
27.95 -27.95 22.05 -22.05 50 -50 0 
-0.4 0.4 50.4 -50.4 50 -50 0 
37.55 -37.55 12.45 -12.45 50 -50 0 
11.55 -11.55 38.45 -38.45 50 -50 0 
-33.85 33.85 83.85 -83.85 50 -50 0 
-26.75 26.75 76.75 -76.75 50 -50 0 
14.3 -14.3 35.7 -35.7 50 -50 0 
-14.3 14.3 64.3 -64.3 50 -50 0 
12.9 -12.9 37.1 -37.1 50 -50 0 
-26.8 26.8 76.8 -76.8 50 -50 0 
-53 53 103 -103 50 -50 0 
-26.15 26.15 76.15 -76.15 50 -50 0 
-53.35 53.35 103.35 -103.35 50 -50 0 
-21.75 21.75 71.75 -71.75 50 -50 0 
0 0 50 -50 50 -50 0 
21.3 -21.3 28.7 -28.7 50 -50 0 
-33.1 33.1 83.1 -83.1 50 -50 0 
-34.05 34.05 84.05 -84.05 50 -50 0 
23.15 -23.15 26.85 -26.85 50 -50 0 
17.75 -17.75 32.25 -32.25 50 -50 0 
25.75 -25.75 24.25 -24.25 50 -50 0 
-35.65 35.65 85.65 -85.65 50 -50 0 
-27.6 27.6 77.6 -77.6 50 -50 0 
-43.35 43.35 93.35 -93.35 50 -50 0 
-26.05 26.05 76.05 -76.05 50 -50 0 
-10.8 10.8 60.8 -60.8 50 -50 0 
-20.3 20.3 70.3 -70.3 50 -50 0 
-22.9 22.9 72.9 -72.9 50 -50 0 
32 -32 18 -18 50 -50 0 
-14.25 14.25 64.25 -64.25 50 -50 0 
-42.95 42.95 92.95 -92.95 50 -50 0 
29.55 -29.55 20.45 -20.45 50 -50 0 
31.85 -31.85 18.15 -18.15 50 -50 0 
17.65 -17.65 32.35 -32.35 50 -50 0 
9.8 -9.8 40.2 -40.2 50 -50 0 
-74.25 74.25 -25.75 25.75 -100 100 2 
63.5 -50 -13.5 0 50 -50 0 
12.9 -12.9 37.1 -37.1 50 -50 0 
-1.05 1.05 51.05 -51.05 50 -50 0 
30.05 -30.05 19.95 -19.95 50 -50 0 
-28.4 28.4 78.4 -78.4 50 -50 0 
60.8 -50 -10.8 0 50 -50 0 
-28.95 28.95 78.95 -78.95 50 -50 0 
34.95 -34.95 15.05 -15.05 50 -50 0 
25.6 -25.6 24.4 -24.4 50 -50 0 
34.55 -34.55 15.45 -15.45 50 -50 0 
43.55 -43.55 6.45 -6.45 50 -50 0 
25.75 -25.75 24.25 -24.25 50 -50 0 
-32.25 32.25 82.25 -82.25 50 -50 0 
35.7 -35.7 14.3 -14.3 50 -50 0 
-75.65 75.65 -24.35 24.35 -100 100 2 
-9.7 9.7 59.7 -59.7 50 -50 0 
52.8 -50 -2.8 0 50 -50 0 
28.05 -28.05 21.95 -21.95 50 -50 0 
-30.7 30.7 80.7 -80.7 50 -50 0 
31.85 -31.85 18.15 -18.15 50 -50 0 
-27.5 27.5 77.5 -77.5 50 -50 0 
64.8 -50 -14.8 0 50 -50 0 
-41.95 41.95 91.95 -91.95 50 -50 0 
-10.2 10.2 60.2 -60.2 50 -50 0 
50.55 -50 -0.55 0 50 -50 0 
37.65 -37.65 12.35 -12.35 50 -50 0 
-40.75 40.75 90.75 -90.75 50 -50 0 
28.45 -28.45 21.55 -21.55 50 -50 0 
-24.85 24.85 74.85 -74.85 50 -50 0 
23.9 -23.9 26.1 -26.1 50 -50 0 
-7 7 57 -57 50 -50 0 
5.8 -5.8 44.2 -44.2 50 -50 0 
-35.45 35.45 85.45 -85.45 50 -50 0 
11.8 -11.8 38.2 -38.2 50 -50 0 
44.5 -44.5 5.5 -5.5 50 -50 0 
28.6 -28.6 21.4 -21.4 50 -50 0 
-26.6 26.6 76.6 -76.6 50 -50 0 
5.8 -5.8 44.2 -44.2 50 -50 0 
-25.65 25.65 75.65 -75.65 50 -50 0 
43.55 -43.55 6.45 -6.45 50 -50 0 
31.5 -31.5 18.5 -18.5 50 -50 0 
24.85 -24.85 25.15 -25.15 50 -50 0 
11.3 -11.3 38.7 -38.7 50 -50 0 
20.3 -20.3 29.7 -29.7 50 -50 0 
-9.35 9.35 59.35 -59.35 50 -50 0 
-13.45 13.45 -86.55 86.55 -100 100 2 
-34.6 34.6 84.6 -84.6 50 -50 0 
25.9 -25.9 24.1 -24.1 50 -50 0 
-18.05 18.05 68.05 -68.05 50 -50 0 
50.15 -50 -0.15 0 50 -50 0 
18.7 -18.7 31.3 -31.3 50 -50 0 
-61.15 61.15 -38.85 38.85 -100 100 2 
-30.05 30.05 80.05 -80.05 50 -50 0 
41.75 -41.75 8.25 -8.25 50 -50 0 
-16.9 16.9 66.9 -66.9 50 -50 0 
-24.35 24.35 74.35 -74.35 50 -50 0 
-32.8 32.8 82.8 -82.8 50 -50 0 
1.85 -1.85 48.15 -48.15 50 -50 0 
5.05 -5.05 44.95 -44.95 50 -50 0 
34 -34 16 -16 50 -50 0 
8.5 -8.5 41.5 -41.5 50 -50 0 
74.7 -50 -24.7 0 50 -50 0 
42.35 -42.35 7.65 -7.65 50 -50 0 
63.6 -50 -13.6 0 50 -50 0 
-31.85 31.85 81.85 -81.85 50 -50 0 
-44.1 44.1 94.1 -94.1 50 -50 0 
-17.4 17.4 67.4 -67.4 50 -50 0 
-30.85 30.85 80.85 -80.85 50 -50 0 
-22.25 22.25 72.25 -72.25 50 -50 0 
5.65 -5.65 44.35 -44.35 50 -50 0 
-7.65 7.65 57.65 -57.65 50 -50 0 
-17.15 17.15 67.15 -67.15 50 -50 0 
-28.2 28.2 78.2 -78.2 50 -50 0 
-50.65 50.65 100.65 -100.65 50 -50 0 
-19.45 19.45 69.45 -69.45 50 -50 0 
19.65 -19.65 30.35 -30.35 50 -50 0 
-11.05 11.05 61.05 -61.05 50 -50 0 
33.8 -33.8 16.2 -16.2 50 -50 0 
-48.3 48.3 -51.7 51.7 -100 100 2 
-17.5 17.5 67.5 -67.5 50 -50 0 
-13.35 13.35 63.35 -63.35 50 -50 0 
30.45 -30.45 19.55 -19.55 50 -50 0 
-32.45 32.45 82.45 -82.45 50 -50 0 
-42.75 42.75 92.75 -92.75 50 -50 0 
-42.65 42.65 92.65 -92.65 50 -50 0 
-22.8 22.8 72.8 -72.8 50 -50 0 
-15.2 15.2 65.2 -65.2 50 -50 0 
40 -40 10 -10 50 -50 0 
-26.9 26.9 76.9 -76.9 50 -50 0 
-38.95 38.95 88.95 -88.95 50 -50 0 
58 -50 -8 0 50 -50 0 
-44.6 44.6 94.6 -94.6 50 -50 0 
30.25 -30.25 19.75 -19.75 50 -50 0 
-46.65 46.65 96.65 -96.65 50 -50 0 
-27 27 77 -77 50 -50 0 
19.8 -19.8 30.2 -30.2 50 -50 0 
-29.25 29.25 79.25 -79.25 50 -50 0 
29.2 -29.2 20.8 -20.8 50 -50 0 
8.35 -8.35 41.65 -41.65 50 -50 0 
-17.35 17.35 67.35 -67.35 50 -50 0 
-23.95 23.95 73.95 -73.95 50 -50 0 
52.8 -50 -2.8 0 50 -50 0 
27.65 -27.65 22.35 -22.35 50 -50 0 
12 -12 38 -38 50 -50 0 
-18.05 18.05 68.05 -68.05 50 -50 0 
-19.9 19.9 69.9 -69.9 50 -50 0 
-30.9 30.9 80.9 -80.9 50 -50 0 
46.6 -46.6 3.4 -3.4 50 -50 0 
27.4 -27.4 22.6 -22.6 50 -50 0 
-15.4 15.4 65.4 -65.4 50 -50 0 
-13.3 13.3 63.3 -63.3 50 -50 0 
-35.35 35.35 85.35 -85.35 50 -50 0 
24.7 -24.7 25.3 -25.3 50 -50 0 
-3.4 3.4 53.4 -53.4 50 -50 0 
-27.25 27.25 77.25 -77.25 50 -50 0 
-25.7 25.7 75.7 -75.7 50 -50 0 
-45.6 45.6 95.6 -95.6 50 -50 0 
-28.65 28.65 78.65 -78.65 50 -50 0 
10.8 -10.8 39.2 -39.2 50 -50 0 
-33.2 33.2 83.2 -83.2 50 -50 0 
-21.95 21.95 71.95 -71.95 50 -50 0 
-35.2 35.2 85.2 -85.2 50 -50 0 
10.7 -10.7 39.3 -39.3 50 -50 0 
43 -43 7 -7 50 -50 0 
29.7 -29.7 20.3 -20.3 50 -50 0 
39 -39 11 -11 50 -50 0 
25.55 -25.55 24.45 -24.45 50 -50 0 
-17.35 17.35 67.35 -67.35 50 -50 0 
-23.9 23.9 73.9 -73.9 50 -50 0 
-35.1 35.1 85.1 -85.1 50 -50 0 
-30.25 30.25 80.25 -80.25 50 -50 0 
37.55 -37.55 12.45 -12.45 50 -50 0 
-11.95 11.95 61.95 -61.95 50 -50 0 
12.7 -12.7 37.3 -37.3 50 -50 0 
31.1 -31.1 18.9 -18.9 50 -50 0 
33.2 -33.2 16.8 -16.8 50 -50 0 
-34.05 34.05 84.05 -84.05 50 -50 0 
-19.15 19.15 69.15 -69.15 50 -50 0 
17.75 -17.75 32.25 -32.25 50 -50 0 
12.3 -12.3 37.7 -37.7 50 -50 0 
31.45 -31.45 18.55 -18.55 50 -50 0 
48.45 -48.45 1.55 -1.55 50 -50 0 
39.45 -39.45 10.55 -10.55 50 -50 0 
35.3 -35.3 14.7 -14.7 50 -50 0 
-24.8 24.8 74.8 -74.8 50 -50 0 
-52.7 52.7 102.7 -102.7 50 -50 0 
36.5 -36.5 13.5 -13.5 50 -50 0 
60.1 -50 -10.1 0 50 -50 0 
-39.95 39.95 -60.05 60.05 -100 100 2 
-72.7 72.7 -27.3 27.3 -100 100 2 
76.1 -50 -26.1 0 50 -50 0 
-16.9 16.9 -83.1 83.1 -100 100 2 
-20.6 20.6 70.6 -70.6 50 -50 0 
48.5 -48.5 1.5 -1.5 50 -50 0 
-22.55 22.55 72.55 -72.55 50 -50 0 
43.8 -43.8 6.2 -6.2 50 -50 0 
-11.95 11.95 61.95 -61.95 50 -50 0 
-12.4 12.4 62.4 -62.4 50 -50 0 
-43.3 43.3 93.3 -93.3 50 -50 0 
30.3 -30.3 19.7 -19.7 50 -50 0 
6.45 -6.45 43.55 -43.55 50 -50 0 
-46.45 46.45 96.45 -96.45 50 -50 0 
-12.85 12.85 62.85 -62.85 50 -50 0 
48.3 -48.3 1.7 -1.7 50 -50 0 
5.3 -5.3 44.7 -44.7 50 -50 0 
26.75 -26.75 23.25 -23.25 50 -50 0 
-25.85 25.85 75.85 -75.85 50 -50 0 
42.35 -42.35 7.65 -7.65 50 -50 0 
-48.25 48.25 98.25 -98.25 50 -50 0 
31.95 -31.95 18.05 -18.05 50 -50 0 
11.15 -11.15 38.85 -38.85 50 -50 0 
21 -21 29 -29 50 -50 0 
22.7 -22.7 27.3 -27.3 50 -50 0 
46.7 -46.7 3.3 -3.3 50 -50 0 
7.75 -7.75 42.25 -42.25 50 -50 0 
-32.6 32.6 82.6 -82.6 50 -50 0 
11.55 -11.55 38.45 -38.45 50 -50 0 
29.15 -29.15 20.85 -20.85 50 -50 0 
8.25 -8.25 41.75 -41.75 50 -50 0 
-23.2 23.2 73.2 -73.2 50 -50 0 
-27.7 27.7 77.7 -77.7 50 -50 0 
17.25 -17.25 32.75 -32.75 50 -50 0 
39.55 -39.55 10.45 -10.45 50 -50 0 
-45.95 45.95 95.95 -95.95 50 -50 0 
-7.1 7.1 -92.9 92.9 -100 100 2 
41.05 -41.05 8.95 -8.95 50 -50 0 
36.45 -36.45 13.55 -13.55 50 -50 0 
-74.05 74.05 -25.95 25.95 -100 100 2 
-24.45 24.45 74.45 -74.45 50 -50 0 
0.7 -0.7 49.3 -49.3 50 -50 0 
-27.65 27.65 77.65 -77.65 50 -50 0 
-44.15 44.15 -55.85 55.85 -100 100 2 
-34.85 34.85 84.85 -84.85 50 -50 0 
-28.7 28.7 78.7 -78.7 50 -50 0 
76.5 -50 -26.5 0 50 -50 0 
19.25 -19.25 30.75 -30.75 50 -50 0 
15.35 -15.35 34.65 -34.65 50 -50 0 
29.95 -29.95 20.05 -20.05 50 -50 0 
-30.15 30.15 80.15 -80.15 50 -50 0 
32.65 -32.65 17.35 -17.35 50 -50 0 
32.35 -32.35 17.65 -17.65 50 -50 0 
-18.7 18.7 68.7 -68.7 50 -50 0 
-19.25 19.25 69.25 -69.25 50 -50 0 
31 -31 19 -19 50 -50 0 
34 -34 16 -16 50 -50 0 
38.4 -38.4 11.6 -11.6 50 -50 0 
3.15 -3.15 46.85 -46.85 50 -50 0 
-38.3 38.3 88.3 -88.3 50 -50 0 
-44.45 44.45 94.45 -94.45 50 -50 0 
22.7 -22.7 27.3 -27.3 50 -50 0 
42.05 -42.05 7.95 -7.95 50 -50 0 
-19.75 19.75 69.75 -69.75 50 -50 0 
-31.4 31.4 81.4 -81.4 50 -50 0 
-5.35 5.35 -94.65 94.65 -100 100 2 
3.55 -3.55 46.45 -46.45 50 -50 0 
10.15 -10.15 39.85 -39.85 50 -50 0 
-2.05 2.05 52.05 -52.05 50 -50 0 
-20.6 20.6 70.6 -70.6 50 -50 0 
29.75 -29.75 20.25 -20.25 50 -50 0 
27.35 -27.35 22.65 -22.65 50 -50 0 
-48.15 48.15 98.15 -98.15 50 -50 0 
-26.45 26.45 76.45 -76.45 50 -50 0 
1.9 -1.9 48.1 -48.1 50 -50 0 
27.45 -27.45 22.55 -22.55 50 -50 0 
23.25 -23.25 26.75 -26.75 50 -50 0 
20.8 -20.8 29.2 -29.2 50 -50 0 
41.3 -41.3 8.7 -8.7 50 -50 0 
33.8 -33.8 16.2 -16.2 50 -50 0 
20.55 -20.55 29.45 -29.45 50 -50 0 
29.2 -29.2 20.8 -20.8 50 -50 0 
-23.25 23.25 73.25 -73.25 50 -50 0 
23.1 -23.1 26.9 -26.9 50 -50 0 
-31.2 31.2 81.2 -81.2 50 -50 0 
-30.6 30.6 80.6 -80.6 50 -50 0 
-22.7 22.7 72.7 -72.7 50 -50 0 
19.65 -19.65 30.35 -30.35 50 -50 0 
-36.6 36.6 86.6 -86.6 50 -50 0 
32.4 -32.4 17.6 -17.6 50 -50 0 
23.9 -23.9 26.1 -26.1 50 -50 0 
-39.6 39.6 89.6 -89.6 50 -50 0 
-6.15 6.15 56.15 -56.15 50 -50 0 
-10.15 10.15 60.15 -60.15 50 -50 0 
28.9 -28.9 21.1 -21.1 50 -50 0 
33.9 -33.9 16.1 -16.1 50 -50 0 
32.2 -32.2 17.8 -17.8 50 -50 0 
24.5 -24.5 25.5 -25.5 50 -50 0 
-27.15 27.15 77.15 -77.15 50 -50 0 
28.35 -28.35 21.65 -21.65 50 -50 0 
0.9 -0.9 -100.9 100.9 -100 100 2 
-45.55 45.55 95.55 -95.55 50 -50 0 
-25.6 25.6 75.6 -75.6 50 -50 0 
-28.3 28.3 78.3 -78.3 50 -50 0 
-25.2 25.2 75.2 -75.2 50 -50 0 
-43.55 43.55 93.55 -93.55 50 -50 0 
29.65 -29.65 20.35 -20.35 50 -50 0 
-12.3 12.3 62.3 -62.3 50 -50 0 
6.7 -6.7 43.3 -43.3 50 -50 0 
-37.85 37.85 87.85 -87.85 50 -50 0 
30 -30 20 -20 50 -50 0 
-30.3 30.3 80.3 -80.3 50 -50 0 
32.55 -32.55 17.45 -17.45 50 -50 0 
-31.3 31.3 81.3 -81.3 50 -50 0 
-37 37 87 -87 50 -50 0 
38.5 -38.5 11.5 -11.5 50 -50 0 
19.85 -19.85 30.15 -30.15 50 -50 0 
10.35 -10.35 39.65 -39.65 50 -50 0 
11.75 -11.75 38.25 -38.25 50 -50 0 
27.85 -27.85 22.15 -22.15 50 -50 0 
20.65 -20.65 29.35 -29.35 50 -50 0 
23.95 -23.95 26.05 -26.05 50 -50 0 
-38.9 38.9 88.9 -88.9 50 -50 0 
-38.05 38.05 88.05 -88.05 50 -50 0 
39.65 -39.65 10.35 -10.35 50 -50 0 
-32.1 32.1 82.1 -82.1 50 -50 0 
-28.75 28.75 78.75 -78.75 50 -50 0 
-13.9 13.9 63.9 -63.9 50 -50 0 
84.9 -50 -34.9 0 50 -50 0 
23.25 -23.25 26.75 -26.75 50 -50 0 
-45.55 45.55 -54.45 54.45 -100 100 2 
22.65 -22.65 27.35 -27.35 50 -50 0 
-45.1 45.1 95.1 -95.1 50 -50 0 
-39.65 39.65 89.65 -89.65 50 -50 0 
25.3 -25.3 24.7 -24.7 50 -50 0 
-26.4 26.4 76.4 -76.4 50 -50 0 
-15.45 15.45 65.45 -65.45 50 -50 0 
45.2 -45.2 4.8 -4.8 50 -50 0 
30.45 -30.45 19.55 -19.55 50 -50 0 
25.7 -25.7 24.3 -24.3 50 -50 0 
21.6 -21.6 28.4 -28.4 50 -50 0 
-26.55 26.55 76.55 -76.55 50 -50 0 
-12.3 12.3 62.3 -62.3 50 -50 0 
85.8 -50 -35.8 0 50 -50 0 
-63.9 63.9 -36.1 36.1 -100 100 2 
21.8 -21.8 28.2 -28.2 50 -50 0 
-29.55 29.55 79.55 -79.55 50 -50 0 
33.4 -33.4 16.6 -16.6 50 -50 0 
27.45 -27.45 22.55 -22.55 50 -50 0 
-21.5 21.5 71.5 -71.5 50 -50 0 
36.65 -36.65 13.35 -13.35 50 -50 0 
27.7 -27.7 22.3 -22.3 50 -50 0 
29.5 -29.5 20.5 -20.5 50 -50 0 
25.55 -25.55 24.45 -24.45 50 -50 0 
36.2 -36.2 13.8 -13.8 50 -50 0 
-32 32 82 -82 50 -50 0 
-36.75 36.75 86.75 -86.75 50 -50 0 
23.5 -23.5 26.5 -26.5 50 -50 0 
-7.7 7.7 57.7 -57.7 50 -50 0 
-37.1 37.1 87.1 -87.1 50 -50 0 
50.8 -50 -0.8 0 50 -50 0 
34 -34 16 -16 50 -50 0 
-23.4 23.4 73.4 -73.4 50 -50 0 
46.3 -46.3 3.7 -3.7 50 -50 0 
20.7 -20.7 29.3 -29.3 50 -50 0 
-20.65 20.65 70.65 -70.65 50 -50 0 
47.95 -47.95 2.05 -2.05 50 -50 0 
-48.85 48.85 98.85 -98.85 50 -50 0 
24.2 -24.2 25.8 -25.8 50 -50 0 
20.75 -20.75 29.25 -29.25 50 -50 0 
57.6 -50 -7.6 0 50 -50 0 
-22.8 22.8 72.8 -72.8 50 -50 0 
-21.45 21.45 71.45 -71.45 50 -50 0 
-29.65 29.65 79.65 -79.65 50 -50 0 
31.7 -31.7 18.3 -18.3 50 -50 0 
33.1 -33.1 16.9 -16.9 50 -50 0 
31.85 -31.85 18.15 -18.15 50 -50 0 
-22 22 72 -72 50 -50 0 
-7.2 7.2 57.2 -57.2 50 -50 0 
24.45 -24.45 25.55 -25.55 50 -50 0 
-26.05 26.05 76.05 -76.05 50 -50 0 
-33.8 33.8 83.8 -83.8 50 -50 0 
-18.95 18.95 68.95 -68.95 50 -50 0 
-6.15 6.15 56.15 -56.15 50 -50 0 
15.65 -15.65 34.35 -34.35 50 -50 0 
68.45 -50 -18.45 0 50 -50 0 
-44.5 44.5 -55.5 55.5 -100 100 2 
-44.7 44.7 94.7 -94.7 50 -50 0 
30.5 -30.5 19.5 -19.5 50 -50 0 
-25.95 25.95 75.95 -75.95 50 -50 0 
34.8 -34.8 15.2 -15.2 50 -50 0 
30.2 -30.2 19.8 -19.8 50 -50 0 
-30.15 30.15 80.15 -80.15 50 -50 0 
32.05 -32.05 17.95 -17.95 50 -50 0 
21.5 -21.5 28.5 -28.5 50 -50 0 
-29.7 29.7 79.7 -79.7 50 -50 0 
45.65 -45.65 4.35 -4.35 50 -50 0 
-12.2 12.2 62.2 -62.2 50 -50 0 
19.35 -19.35 30.65 -30.65 50 -50 0 
-15.75 15.75 65.75 -65.75 50 -50 0 
45.85 -45.85 4.15 -4.15 50 -50 0 
13.25 -13.25 36.75 -36.75 50 -50 0 
-7.7 7.7 57.7 -57.7 50 -50 0 
0.6 -0.6 49.4 -49.4 50 -50 0 
-28.65 28.65 78.65 -78.65 50 -50 0 
-14.95 14.95 64.95 -64.95 50 -50 0 
-16.4 16.4 66.4 -66.4 50 -50 0 
-9.1 9.1 59.1 -59.1 50 -50 0 
11.55 -11.55 38.45 -38.45 50 -50 0 
29.45 -29.45 20.55 -20.55 50 -50 0 
-0.3 0.3 50.3 -50.3 50 -50 0 
6.95 -6.95 43.05 -43.05 50 -50 0 
9.95 -9.95 40.05 -40.05 50 -50 0 
32 -32 18 -18 50 -50 0 
-50.65 50.65 100.65 -100.65 50 -50 0 
24.8 -24.8 25.2 -25.2 50 -50 0 
-30 30 80 -80 50 -50 0 
24.65 -24.65 25.35 -25.35 50 -50 0 
22.7 -22.7 27.3 -27.3 50 -50 0 
-5.65 5.65 55.65 -55.65 50 -50 0 
46.15 -46.15 3.85 -3.85 50 -50 0 
31.2 -31.2 18.8 -18.8 50 -50 0 
42.8 -42.8 7.2 -7.2 50 -50 0 
-32.8 32.8 82.8 -82.8 50 -50 0 
-26.7 26.7 76.7 -76.7 50 -50 0 
24.75 -24.75 25.25 -25.25 50 -50 0 
16.9 -16.9 33.1 -33.1 50 -50 0 
9.85 -9.85 40.15 -40.15 50 -50 0 
62.95 -50 -12.95 0 50 -50 0 
-54.4 54.4 104.4 -104.4 50 -50 0 
-21.15 21.15 71.15 -71.15 50 -50 0 
-32.9 32.9 82.9 -82.9 50 -50 0 
26.45 -26.45 23.55 -23.55 50 -50 0 
-32.55 32.55 82.55 -82.55 50 -50 0 
-21.1 21.1 71.1 -71.1 50 -50 0 
-22.65 22.65 72.65 -72.65 50 -50 0 
-25.85 25.85 75.85 -75.85 50 -50 0 
10.75 -10.75 39.25 -39.25 50 -50 0 
-31.65 31.65 81.65 -81.65 50 -50 0 
20.05 -20.05 29.95 -29.95 50 -50 0 
-16.4 16.4 66.4 -66.4 50 -50 0 
25.25 -25.25 24.75 -24.75 50 -50 0 
13.75 -13.75 36.25 -36.25 50 -50 0 
-27.65 27.65 77.65 -77.65 50 -50 0 
46.05 -46.05 3.95 -3.95 50 -50 0 
40.15 -40.15 9.85 -9.85 50 -50 0 
14.7 -14.7 35.3 -35.3 50 -50 0 
-17.15 17.15 67.15 -67.15 50 -50 0 
53.25 -50 -3.25 0 50 -50 0 
-21.7 21.7 71.7 -71.7 50 -50 0 
-49.45 49.45 99.45 -99.45 50 -50 0 
19.1 -19.1 30.9 -30.9 50 -50 0 
44.15 -44.15 5.85 -5.85 50 -50 0 
22.85 -22.85 27.15 -27.15 50 -50 0 
11.3 -11.3 38.7 -38.7 50 -50 0 
35.5 -35.5 14.5 -14.5 50 -50 0 
24.1 -24.1 25.9 -25.9 50 -50 0 
-34.1 34.1 -65.9 65.9 -100 100 2 
-20.75 20.75 70.75 -70.75 50 -50 0 
8.05 -8.05 41.95 -41.95 50 -50 0 
39.35 -39.35 10.65 -10.65 50 -50 0 
39.85 -39.85 10.15 -10.15 50 -50 0 
-30.3 30.3 80.3 -80.3 50 -50 0 
31.45 -31.45 18.55 -18.55 50 -50 0 
26.8 -26.8 23.2 -23.2 50 -50 0 
29.55 -29.55 20.45 -20.45 50 -50 0 
-40.05 40.05 -59.95 59.95 -100 100 2 
-19.75 19.75 69.75 -69.75 50 -50 0 
46.9 -46.9 3.1 -3.1 50 -50 0 
12 -12 38 -38 50 -50 0 
-27.25 27.25 77.25 -77.25 50 -50 0 
6.6 -6.6 43.4 -43.4 50 -50 0 
-31.45 31.45 81.45 -81.45 50 -50 0 
-37.05 37.05 87.05 -87.05 50 -50 0 
11.85 -11.85 38.15 -38.15 50 -50 0 
-9.15 9.15 59.15 -59.15 50 -50 0 
-35.55 35.55 85.55 -85.55 50 -50 0 
-30.5 30.5 80.5 -80.5 50 -50 0 
-16.6 16.6 66.6 -66.6 50 -50 0 
-32.55 32.55 82.55 -82.55 50 -50 0 
-41.65 41.65 91.65 -91.65 50 -50 0 
-32.45 32.45 82.45 -82.45 50 -50 0 
40 -40 10 -10 50 -50 0 
-29.3 29.3 79.3 -79.3 50 -50 0 
26.9 -26.9 23.1 -23.1 50 -50 0 
-20.7 20.7 70.7 -70.7 50 -50 0 
-5.2 5.2 55.2 -55.2 50 -50 0 
14.4 -14.4 35.6 -35.6 50 -50 0 
-27.35 27.35 77.35 -77.35 50 -50 0 
38.35 -38.35 11.65 -11.65 50 -50 0 
23.35 -23.35 26.65 -26.65 50 -50 0 
-61.85 61.85 -38.15 38.15 -100 100 2 
31.8 -31.8 18.2 -18.2 50 -50 0 
27.5 -27.5 22.5 -22.5 50 -50 0 
-12.05 12.05 -87.95 87.95 -100 100 2 
-31.05 31.05 81.05 -81.05 50 -50 0 
28.65 -28.65 21.35 -21.35 50 -50 0 
-40.2 40.2 90.2 -90.2 50 -50 0 
-23.8 23.8 73.8 -73.8 50 -50 0 
28.4 -28.4 21.6 -21.6 50 -50 0 
26.8 -26.8 23.2 -23.2 50 -50 0 
12.4 -12.4 37.6 -37.6 50 -50 0 
40.95 -40.95 9.05 -9.05 50 -50 0 
33.15 -33.15 16.85 -16.85 50 -50 0 
17.65 -17.65 32.35 -32.35 50 -50 0 
18.15 -18.15 31.85 -31.85 50 -50 0 
31.85 -31.85 18.15 -18.15 50 -50 0 
44.2 -44.2 5.8 -5.8 50 -50 0 
-22 22 72 -72 50 -50 0 
-24.5 24.5 74.5 -74.5 50 -50 0 
-21.15 21.15 71.15 -71.15 50 -50 0 
-34 34 -66 66 -100 100 2 
11.05 -11.05 38.95 -38.95 50 -50 0 
24.2 -24.2 25.8 -25.8 50 -50 0 
27.2 -27.2 22.8 -22.8 50 -50 0 
36.25 -36.25 13.75 -13.75 50 -50 0 
25.9 -25.9 24.1 -24.1 50 -50 0 
-48.75 48.75 98.75 -98.75 50 -50 0 
-27.75 27.75 77.75 -77.75 50 -50 0 
-33 33 83 -83 50 -50 0 
-23.2 23.2 73.2 -73.2 50 -50 0 
-0.2 0.2 50.2 -50.2 50 -50 0 
25.3 -25.3 24.7 -24.7 50 -50 0 
51.4 -50 -1.4 0 50 -50 0 
-22.7 22.7 72.7 -72.7 50 -50 0 
-18.25 18.25 68.25 -68.25 50 -50 0 
-13.15 13.15 63.15 -63.15 50 -50 0 
-42.35 42.35 92.35 -92.35 50 -50 0 
46.65 -46.65 3.35 -3.35 50 -50 0 
-27.45 27.45 77.45 -77.45 50 -50 0 
3.7 -3.7 46.3 -46.3 50 -50 0 
21.35 -21.35 28.65 -28.65 50 -50 0 
30.35 -30.35 19.65 -19.65 50 -50 0 
52.8 -50 -2.8 0 50 -50 0 
-20.4 20.4 70.4 -70.4 50 -50 0 
37.4 -37.4 12.6 -12.6 50 -50 0 
-18.6 18.6 68.6 -68.6 50 -50 0 
39.85 -39.85 10.15 -10.15 50 -50 0 
-34 34 84 -84 50 -50 0 
-10 10 60 -60 50 -50 0 
-44.5 44.5 94.5 -94.5 50 -50 0 
-3.65 3.65 -96.35 96.35 -100 100 2 
8.9 -8.9 41.1 -41.1 50 -50 0 
-24.8 24.8 74.8 -74.8 50 -50 0 
-68.95 68.95 -31.05 31.05 -100 100 2 
-29.1 29.1 79.1 -79.1 50 -50 0 
-17.85 17.85 67.85 -67.85 50 -50 0 
-40.05 40.05 90.05 -90.05 50 -50 0 
17.9 -17.9 32.1 -32.1 50 -50 0 
-26.05 26.05 76.05 -76.05 50 -50 0 
-33.75 33.75 83.75 -83.75 50 -50 0 
-13.6 13.6 63.6 -63.6 50 -50 0 
13.65 -13.65 36.35 -36.35 50 -50 0 
-24.85 24.85 74.85 -74.85 50 -50 0 
47.95 -47.95 2.05 -2.05 50 -50 0 
-40.2 40.2 90.2 -90.2 50 -50 0 
-39.7 39.7 89.7 -89.7 50 -50 0 
50.5 -50 -0.5 0 50 -50 0 
37.25 -37.25 12.75 -12.75 50 -50 0 
-34.95 34.95 84.95 -84.95 50 -50 0 
-48.15 48.15 98.15 -98.15 50 -50 0 
50 -50 0 0 50 -50 0 
75.75 -50 -25.75 0 50 -50 0 
11.25 -11.25 38.75 -38.75 50 -50 0 
21.65 -21.65 28.35 -28.35 50 -50 0 
-72.75 72.75 -27.25 27.25 -100 100 2 
-30.4 30.4 80.4 -80.4 50 -50 0 
25.85 -25.85 24.15 -24.15 50 -50 0 
23.7 -23.7 26.3 -26.3 50 -50 0 
19.9 -19.9 30.1 -30.1 50 -50 0 
-28.4 28.4 78.4 -78.4 50 -50 0 
68.85 -50 -18.85 0 50 -50 0 
14.65 -14.65 35.35 -35.35 50 -50 0 
-32.1 32.1 82.1 -82.1 50 -50 0 
-2.6 2.6 52.6 -52.6 50 -50 0 
-48.05 48.05 98.05 -98.05 50 -50 0 
38.65 -38.65 11.35 -11.35 50 -50 0 
-30.25 30.25 80.25 -80.25 50 -50 0 
29.1 -29.1 20.9 -20.9 50 -50 0 
-12.95 12.95 62.95 -62.95 50 -50 0 
-33.15 33.15 83.15 -83.15 50 -50 0 
26.35 -26.35 23.65 -23.65 50 -50 0 
-20.25 20.25 70.25 -70.25 50 -50 0 
7.4 -7.4 42.6 -42.6 50 -50 0 
16.6 -16.6 33.4 -33.4 50 -50 0 
-12.25 12.25 62.25 -62.25 50 -50 0 
-31.65 31.65 81.65 -81.65 50 -50 0 
-62.55 62.55 -37.45 37.45 -100 100 2 
-39.65 39.65 -60.35 60.35 -100 100 2 
-5.45 5.45 55.45 -55.45 50 -50 0 
-30.45 30.45 80.45 -80.45 50 -50 0 
-13.05 13.05 63.05 -63.05 50 -50 0 
46.05 -46.05 3.95 -3.95 50 -50 0 
25.75 -25.75 24.25 -24.25 50 -50 0 
27.8 -27.8 22.2 -22.2 50 -50 0 
-20.85 20.85 70.85 -70.85 50 -50 0 
-69.1 69.1 -30.9 30.9 -100 100 2 
9 -9 41 -41 50 -50 0 
24.95 -24.95 25.05 -25.05 50 -50 0 
13.35 -13.35 36.65 -36.65 50 -50 0 
31.65 -31.65 18.35 -18.35 50 -50 0 
32.55 -32.55 17.45 -17.45 50 -50 0 
-21.9 21.9 71.9 -71.9 50 -50 0 
47.95 -47.95 2.05 -2.05 50 -50 0 
35.8 -35.8 14.2 -14.2 50 -50 0 
-24.3 24.3 74.3 -74.3 50 -50 0 
-11 11 61 -61 50 -50 0 
-30.7 30.7 80.7 -80.7 50 -50 0 
-11.95 11.95 61.95 -61.95 50 -50 0 
-18.5 18.5 68.5 -68.5 50 -50 0 
-29.25 29.25 79.25 -79.25 50 -50 0 
-18.3 18.3 68.3 -68.3 50 -50 0 
27.35 -27.35 22.65 -22.65 50 -50 0 
34.6 -34.6 15.4 -15.4 50 -50 0 
26.45 -26.45 23.55 -23.55 50 -50 0 
-0.6 0.6 -99.4 99.4 -100 100 2 
-35.65 35.65 85.65 -85.65 50 -50 0 
17.65 -17.65 32.35 -32.35 50 -50 0 
-21.75 21.75 71.75 -71.75 50 -50 0 
-31.1 31.1 81.1 -81.1 50 -50 0 
-52 52 102 -102 50 -50 0 
-17.35 17.35 67.35 -67.35 50 -50 0 
-64.4 64.4 -35.6 35.6 -100 100 2 
13.85 -13.85 36.15 -36.15 50 -50 0 
-29.9 29.9 79.9 -79.9 50 -50 0 
-38.4 38.4 88.4 -88.4 50 -50 0 
-36.55 36.55 86.55 -86.55 50 -50 0 
43.95 -43.95 6.05 -6.05 50 -50 0 
33.9 -33.9 16.1 -16.1 50 -50 0 
-11.7 11.7 61.7 -61.7 50 -50 0 
28.9 -28.9 21.1 -21.1 50 -50 0 
30.45 -30.45 19.55 -19.55 50 -50 0 
18.7 -18.7 31.3 -31.3 50 -50 0 
-74.8 74.8 -25.2 25.2 -100 100 2 
26.6 -26.6 23.4 -23.4 50 -50 0 
26.25 -26.25 23.75 -23.75 50 -50 0 
-45.2 45.2 -54.8 54.8 -100 100 2 
87.9 -50 -37.9 0 50 -50 0 
6.85 -6.85 43.15 -43.15 50 -50 0 
4.15 -4.15 45.85 -45.85 50 -50 0 
28.25 -28.25 21.75 -21.75 50 -50 0 
-25.5 25.5 75.5 -75.5 50 -50 0 
2.55 -2.55 47.45 -47.45 50 -50 0 
-25.45 25.45 75.45 -75.45 50 -50 0 
39.35 -39.35 10.65 -10.65 50 -50 0 
13.55 -13.55 36.45 -36.45 50 -50 0 
30.65 -30.65 19.35 -19.35 50 -50 0 
-8.65 8.65 58.65 -58.65 50 -50 0 
10.8 -10.8 39.2 -39.2 50 -50 0 
10.2 -10.2 39.8 -39.8 50 -50 0 
39.9 -39.9 10.1 -10.1 50 -50 0 
40.15 -40.15 9.85 -9.85 50 -50 0 
-27.15 27.15 77.15 -77.15 50 -50 0 
17.4 -17.4 32.6 -32.6 50 -50 0 
44 -44 6 -6 50 -50 0 
24.15 -24.15 25.85 -25.85 50 -50 0 
-25.75 25.75 75.75 -75.75 50 -50 0 
29.65 -29.65 20.35 -20.35 50 -50 0 
22.3 -22.3 27.7 -27.7 50 -50 0 
-24.3 24.3 74.3 -74.3 50 -50 0 
-8.6 8.6 58.6 -58.6 50 -50 0 
-24.35 24.35 74.35 -74.35 50 -50 0 
-24.1 24.1 74.1 -74.1 50 -50 0 
-42 42 92 -92 50 -50 0 
42.6 -42.6 7.4 -7.4 50 -50 0 
40.6 -40.6 9.4 -9.4 50 -50 0 
24 -24 26 -26 50 -50 0 
4.6 -4.6 45.4 -45.4 50 -50 0 
26.15 -26.15 23.85 -23.85 50 -50 0 
30.05 -30.05 19.95 -19.95 50 -50 0 
-26.8 26.8 76.8 -76.8 50 -50 0 
14.85 -14.85 35.15 -35.15 50 -50 0 
-14.85 14.85 64.85 -64.85 50 -50 0 
-46.1 46.1 96.1 -96.1 50 -50 0 
12 -12 38 -38 50 -50 0 
23.6 -23.6 26.4 -26.4 50 -50 0 
-19.5 19.5 69.5 -69.5 50 -50 0 
-1 1 -99 99 -100 100 2 
46.45 -46.45 3.55 -3.55 50 -50 0 
29.1 -29.1 20.9 -20.9 50 -50 0 
-23.35 23.35 73.35 -73.35 50 -50 0 
31.35 -31.35 18.65 -18.65 50 -50 0 
22.3 -22.3 27.7 -27.7 50 -50 0 
-5.2 5.2 -94.8 94.8 -100 100 2 
35.05 -35.05 14.95 -14.95 50 -50 0 
-33.65 33.65 83.65 -83.65 50 -50 0 
-20.35 20.35 70.35 -70.35 50 -50 0 
71.15 -50 -21.15 0 50 -50 0 
-36.8 36.8 86.8 -86.8 50 -50 0 
-26.9 26.9 76.9 -76.9 50 -50 0 
33.05 -33.05 16.95 -16.95 50 -50 0 
-6.95 6.95 56.95 -56.95 50 -50 0 
-35.45 35.45 85.45 -85.45 50 -50 0 
-40.1 40.1 90.1 -90.1 50 -50 0 
-32.85 32.85 82.85 -82.85 50 -50 0 
-42.75 42.75 92.75 -92.75 50 -50 0 
4.5 -4.5 -104.5 104.5 -100 100 2 
40.1 -40.1 9.9 -9.9 50 -50 0 
32.45 -32.45 17.55 -17.55 50 -50 0 
7.25 -7.25 42.75 -42.75 50 -50 0 
-16.35 16.35 66.35 -66.35 50 -50 0 
15.3 -15.3 34.7 -34.7 50 -50 0 
-27.1 27.1 77.1 -77.1 50 -50 0 
-9 9 -91 91 -100 100 2 
-16.15 16.15 66.15 -66.15 50 -50 0 
-50 50 100 -100 50 -50 0 
-25.3 25.3 75.3 -75.3 50 -50 0 
-39.5 39.5 89.5 -89.5 50 -50 0 
-24.45 24.45 74.45 -74.45 50 -50 0 
-8.05 8.05 58.05 -58.05 50 -50 0 
-17.75 17.75 67.75 -67.75 50 -50 0 
-10.1 10.1 60.1 -60.1 50 -50 0 
5.9 -5.9 44.1 -44.1 50 -50 0 
40 -40 10 -10 50 -50 0 
12.85 -12.85 37.15 -37.15 50 -50 0 
-29.85 29.85 79.85 -79.85 50 -50 0 
-71.35 71.35 -28.65 28.65 -100 100 2 
30.3 -30.3 19.7 -19.7 50 -50 0 
11.3 -11.3 38.7 -38.7 50 -50 0 
-11.75 11.75 61.75 -61.75 50 -50 0 
-33.85 33.85 83.85 -83.85 50 -50 0 
38.8 -38.8 11.2 -11.2 50 -50 0 
-38.7 38.7 -61.3 61.3 -100 100 2 
5 -5 45 -45 50 -50 0 
28.8 -28.8 21.2 -21.2 50 -50 0 
-18.8 18.8 68.8 -68.8 50 -50 0 
54.55 -50 -4.55 0 50 -50 0 
38.9 -38.9 11.1 -11.1 50 -50 0 
-37.8 37.8 87.8 -87.8 50 -50 0 
13.75 -13.75 36.25 -36.25 50 -50 0 
16.25 -16.25 33.75 -33.75 50 -50 0 
-29.7 29.7 79.7 -79.7 50 -50 0 
26.85 -26.85 23.15 -23.15 50 -50 0 
30.5 -30.5 19.5 -19.5 50 -50 0 
4.5 -4.5 45.5 -45.5 50 -50 0 
15.05 -15.05 34.95 -34.95 50 -50 0 
0.15 -0.15 49.85 -49.85 50 -50 0 
33.75 -33.75 16.25 -16.25 50 -50 0 
40.6 -40.6 9.4 -9.4 50 -50 0 
-32.6 32.6 82.6 -82.6 50 -50 0 
50.9 -50 -0.9 0 50 -50 0 
52.5 -50 -2.5 0 50 -50 0 
-35.3 35.3 -64.7 64.7 -100 100 2 
-30.75 30.75 80.75 -80.75 50 -50 0 
-24 24 74 -74 50 -50 0 
-36.85 36.85 86.85 -86.85 50 -50 0 
57.55 -50 -7.55 0 50 -50 0 
33.6 -33.6 16.4 -16.4 50 -50 0 
20.15 -20.15 29.85 -29.85 50 -50 0 
3.2 -3.2 46.8 -46.8 50 -50 0 
-25.8 25.8 75.8 -75.8 50 -50 0 
-33.85 33.85 83.85 -83.85 50 -50 0 
42.3 -42.3 7.7 -7.7 50 -50 0 
18.2 -18.2 31.8 -31.8 50 -50 0 
9.9 -9.9 40.1 -40.1 50 -50 0 
-6.7 6.7 56.7 -56.7 50 -50 0 
35.15 -35.15 14.85 -14.85 50 -50 0 
-37.95 37.95 87.95 -87.95 50 -50 0 
25.3 -25.3 24.7 -24.7 50 -50 0 
15.8 -15.8 34.2 -34.2 50 -50 0 
8.9 -8.9 41.1 -41.1 50 -50 0 
62.25 -50 -12.25 0 50 -50 0 
26.9 -26.9 23.1 -23.1 50 -50 0 
34.35 -34.35 15.65 -15.65 50 -50 0 
-34.5 34.5 84.5 -84.5 50 -50 0 
-40.55 40.55 90.55 -90.55 50 -50 0 
66.2 -50 -16.2 0 50 -50 0 
34.55 -34.55 15.45 -15.45 50 -50 0 
-43.65 43.65 -56.35 56.35 -100 100 2 
-34.85 34.85 84.85 -84.85 50 -50 0 
-6.35 6.35 56.35 -56.35 50 -50 0 
38.55 -38.55 11.45 -11.45 50 -50 0 
-11.7 11.7 61.7 -61.7 50 -50 0 
40.25 -40.25 9.75 -9.75 50 -50 0 
-24.2 24.2 74.2 -74.2 50 -50 0 
12.8 -12.8 37.2 -37.2 50 -50 0 
29.2 -29.2 20.8 -20.8 50 -50 0 
38.35 -38.35 11.65 -11.65 50 -50 0 
-17.1 17.1 67.1 -67.1 50 -50 0 
-42.95 42.95 92.95 -92.95 50 -50 0 
41.05 -41.05 8.95 -8.95 50 -50 0 
5.1 -5.1 44.9 -44.9 50 -50 0 
-26.45 26.45 76.45 -76.45 50 -50 0 
42.15 -42.15 7.85 -7.85 50 -50 0 
-23.1 23.1 73.1 -73.1 50 -50 0 
28.3 -28.3 21.7 -21.7 50 -50 0 
29.3 -29.3 20.7 -20.7 50 -50 0 
38.85 -38.85 11.15 -11.15 50 -50 0 
28.2 -28.2 21.8 -21.8 50 -50 0 
-24.5 24.5 74.5 -74.5 50 -50 0 
-35.5 35.5 85.5 -85.5 50 -50 0 
31.85 -31.85 18.15 -18.15 50 -50 0 
25.75 -25.75 24.25 -24.25 50 -50 0 
-29.55 29.55 -70.45 70.45 -100 100 2 
-17.95 17.95 67.95 -67.95 50 -50 0 
-46.7 46.7 96.7 -96.7 50 -50 0 
-33.9 33.9 83.9 -83.9 50 -50 0 
-62.75 62.75 -37.25 37.25 -100 100 2 
45 -45 5 -5 50 -50 0 
7.7 -7.7 42.3 -42.3 50 -50 0 
-32.85 32.85 82.85 -82.85 50 -50 0 
-24.55 24.55 74.55 -74.55 50 -50 0 
9.95 -9.95 40.05 -40.05 50 -50 0 
24.95 -24.95 25.05 -25.05 50 -50 0 
-57.4 57.4 -42.6 42.6 -100 100 2 
-28.95 28.95 78.95 -78.95 50 -50 0 
-25.1 25.1 75.1 -75.1 50 -50 0 
-15.5 15.5 -84.5 84.5 -100 100 2 
-13.25 13.25 63.25 -63.25 50 -50 0 
-26.9 26.9 76.9 -76.9 50 -50 0 
-37.25 37.25 87.25 -87.25 50 -50 0 
-0.4 0.4 50.4 -50.4 50 -50 0 
46.7 -46.7 3.3 -3.3 50 -50 0 
-10.5 10.5 60.5 -60.5 50 -50 0 
-19.95 19.95 69.95 -69.95 50 -50 0 
-5.05 5.05 55.05 -55.05 50 -50 0 
43.75 -43.75 6.25 -6.25 50 -50 0 
-6.6 6.6 -93.4 93.4 -100 100 2 
-0.25 0.25 50.25 -50.25 50 -50 0 
27.35 -27.35 22.65 -22.65 50 -50 0 
-1 1 -99 99 -100 100 2 
-27.5 27.5 -72.5 72.5 -100 100 2 
-8.8 8.8 58.8 -58.8 50 -50 0 
-30.05 30.05 80.05 -80.05 50 -50 0 
-25.05 25.05 75.05 -75.05 50 -50 0 
-43.5 43.5 -56.5 56.5 -100 100 2 
18.4 -18.4 31.6 -31.6 50 -50 0 
-3.2 3.2 53.2 -53.2 50 -50 0 
-11.85 11.85 61.85 -61.85 50 -50 0 
25.6 -25.6 24.4 -24.4 50 -50 0 
1.4 -1.4 48.6 -48.6 50 -50 0 
-33.85 33.85 83.85 -83.85 50 -50 0 
38.45 -38.45 11.55 -11.55 50 -50 0 
34.3 -34.3 15.7 -15.7 50 -50 0 
-16.25 16.25 66.25 -66.25 50 -50 0 
41.1 -41.1 8.9 -8.9 50 -50 0 
-27.4 27.4 77.4 -77.4 50 -50 0 
33.95 -33.95 16.05 -16.05 50 -50 0 
-30.55 30.55 80.55 -80.55 50 -50 0 
49.9 -49.9 0.1 -0.1 50 -50 0 
6.9 -6.9 43.1 -43.1 50 -50 0 
-23.65 23.65 73.65 -73.65 50 -50 0 
26.85 -26.85 23.15 -23.15 50 -50 0 
52.6 -50 -2.6 0 50 -50 0 
-15.25 15.25 65.25 -65.25 50 -50 0 
8.1 -8.1 41.9 -41.9 50 -50 0 
-12.55 12.55 62.55 -62.55 50 -50 0 
13.2 -13.2 36.8 -36.8 50 -50 0 
-25.5 25.5 75.5 -75.5 50 -50 0 
30.2 -30.2 19.8 -19.8 50 -50 0 
-25.4 25.4 75.4 -75.4 50 -50 0 
-29.45 29.45 79.45 -79.45 50 -50 0 
-9 9 59 -59 50 -50 0 
31.95 -31.95 18.05 -18.05 50 -50 0 
22 -22 28 -28 50 -50 0 
-18.3 18.3 68.3 -68.3 50 -50 0 
-17.85 17.85 67.85 -67.85 50 -50 0 
-28.55 28.55 78.55 -78.55 50 -50 0 
9.9 -9.9 40.1 -40.1 50 -50 0 
32.8 -32.8 17.2 -17.2 50 -50 0 
7.85 -7.85 42.15 -42.15 50 -50 0 
-29.2 29.2 79.2 -79.2 50 -50 0 
-31 31 81 -81 50 -50 0 
-18.75 18.75 68.75 -68.75 50 -50 0 
52.8 -50 -2.8 0 50 -50 0 
-31.2 31.2 81.2 -81.2 50 -50 0 
-25.75 25.75 75.75 -75.75 50 -50 0 
39 -39 11 -11 50 -50 0 
25.75 -25.75 24.25 -24.25 50 -50 0 
38.75 -38.75 11.25 -11.25 50 -50 0 
75 -50 -25 0 50 -50 0 
3.55 -3.55 -103.55 103.55 -100 100 2 
8.15 -8.15 41.85 -41.85 50 -50 0 
-32.95 32.95 82.95 -82.95 50 -50 0 
-11.85 11.85 61.85 -61.85 50 -50 0 
-13.2 13.2 63.2 -63.2 50 -50 0 
35.15 -35.15 14.85 -14.85 50 -50 0 
0 0 50 -50 50 -50 0 
-6.45 6.45 56.45 -56.45 50 -50 0 
35.45 -35.45 14.55 -14.55 50 -50 0 
-23 23 73 -73 50 -50 0 
-7.8 7.8 57.8 -57.8 50 -50 0 
-68.75 68.75 -31.25 31.25 -100 100 2 
25.8 -25.8 24.2 -24.2 50 -50 0 
-24.85 24.85 74.85 -74.85 50 -50 0 
-25.45 25.45 75.45 -75.45 50 -50 0 
-43.65 43.65 93.65 -93.65 50 -50 0 
-24.8 24.8 74.8 -74.8 50 -50 0 
47.05 -47.05 2.95 -2.95 50 -50 0 
-16.05 16.05 66.05 -66.05 50 -50 0 
-30.45 30.45 80.45 -80.45 50 -50 0 
-40.2 40.2 -59.8 59.8 -100 100 2 
25.1 -25.1 24.9 -24.9 50 -50 0 
30.85 -30.85 19.15 -19.15 50 -50 0 
15.95 -15.95 34.05 -34.05 50 -50 0 
-4.8 4.8 -95.2 95.2 -100 100 2 
16.3 -16.3 33.7 -33.7 50 -50 0 
20.05 -20.05 29.95 -29.95 50 -50 0 
-28.65 28.65 78.65 -78.65 50 -50 0 
-38.85 38.85 88.85 -88.85 50 -50 0 
28.95 -28.95 21.05 -21.05 50 -50 0 
-31.55 31.55 81.55 -81.55 50 -50 0 
24.75 -24.75 25.25 -25.25 50 -50 0 
27.75 -27.75 22.25 -22.25 50 -50 0 
-45 45 95 -95 50 -50 0 
-34 34 84 -84 50 -50 0 
-13.15 13.15 63.15 -63.15 50 -50 0 
34.35 -34.35 15.65 -15.65 50 -50 0 
-37.15 37.15 87.15 -87.15 50 -50 0 
-51.75 51.75 101.75 -101.75 50 -50 0 
25.9 -25.9 24.1 -24.1 50 -50 0 
28.35 -28.35 21.65 -21.65 50 -50 0 
0.85 -0.85 49.15 -49.15 50 -50 0 
-19.8 19.8 69.8 -69.8 50 -50 0 
-26.75 26.75 76.75 -76.75 50 -50 0 
-49.35 49.35 99.35 -99.35 50 -50 0 
-32.85 32.85 82.85 -82.85 50 -50 0 
-28.2 28.2 78.2 -78.2 50 -50 0 
2.25 -2.25 47.75 -47.75 50 -50 0 
-47.6 47.6 97.6 -97.6 50 -50 0 
16.8 -16.8 33.2 -33.2 50 -50 0 
-33.45 33.45 83.45 -83.45 50 -50 0 
22.7 -22.7 27.3 -27.3 50 -50 0 
-17.8 17.8 67.8 -67.8 50 -50 0 
31.95 -31.95 18.05 -18.05 50 -50 0 
26.05 -26.05 23.95 -23.95 50 -50 0 
26.5 -26.5 23.5 -23.5 50 -50 0 
-37.5 37.5 87.5 -87.5 50 -50 0 
-18.05 18.05 68.05 -68.05 50 -50 0 
37.75 -37.75 12.25 -12.25 50 -50 0 
-50.7 50.7 100.7 -100.7 50 -50 0 
33.95 -33.95 16.05 -16.05 50 -50 0 
0.15 -0.15 49.85 -49.85 50 -50 0 
-35.1 35.1 -64.9 64.9 -100 100 2 
28.35 -28.35 21.65 -21.65 50 -50 0 
-22.05 22.05 72.05 -72.05 50 -50 0 
42.3 -42.3 7.7 -7.7 50 -50 0 
30.35 -30.35 19.65 -19.65 50 -50 0 
19.75 -19.75 30.25 -30.25 50 -50 0 
-31.65 31.65 -68.35 68.35 -100 100 2 
39.9 -39.9 10.1 -10.1 50 -50 0 
48 -48 2 -2 50 -50 0 
-25.5 25.5 75.5 -75.5 50 -50 0 
46.65 -46.65 3.35 -3.35 50 -50 0 
-30.05 30.05 80.05 -80.05 50 -50 0 
21.2 -21.2 28.8 -28.8 50 -50 0 
71.1 -50 -21.1 0 50 -50 0 
-28.55 28.55 78.55 -78.55 50 -50 0 
70.7 -50 -20.7 0 50 -50 0 
18.6 -18.6 31.4 -31.4 50 -50 0 
32.55 -32.55 17.45 -17.45 50 -50 0 
39 -39 11 -11 50 -50 0 
49.1 -49.1 0.9 -0.9 50 -50 0 
-33.55 33.55 83.55 -83.55 50 -50 0 
-28.95 28.95 78.95 -78.95 50 -50 0 
-12.45 12.45 62.45 -62.45 50 -50 0 
-17.7 17.7 67.7 -67.7 50 -50 0 
32.5 -32.5 17.5 -17.5 50 -50 0 
48.2 -48.2 1.8 -1.8 50 -50 0 
32.05 -32.05 17.95 -17.95 50 -50 0 
49.75 -49.75 0.25 -0.25 50 -50 0 
26.1 -26.1 23.9 -23.9 50 -50 0 
-6.55 6.55 -93.45 93.45 -100 100 2 
-46.65 46.65 96.65 -96.65 50 -50 0 
-46.55 46.55 96.55 -96.55 50 -50 0 
34.5 -34.5 15.5 -15.5 50 -50 0 
7.6 -7.6 42.4 -42.4 50 -50 0 
50.1 -50 -0.1 0 50 -50 0 
-19.25 19.25 69.25 -69.25 50 -50 0 
24.8 -24.8 25.2 -25.2 50 -50 0 
-27.4 27.4 77.4 -77.4 50 -50 0 
-48.8 48.8 98.8 -98.8 50 -50 0 
-28.95 28.95 78.95 -78.95 50 -50 0 
35.5 -35.5 14.5 -14.5 50 -50 0 
33.2 -33.2 16.8 -16.8 50 -50 0 
23.45 -23.45 26.55 -26.55 50 -50 0 
-47.85 47.85 97.85 -97.85 50 -50 0 
43.2 -43.2 6.8 -6.8 50 -50 0 
11 -11 39 -39 50 -50 0 
26.8 -26.8 23.2 -23.2 50 -50 0 
-15.9 15.9 65.9 -65.9 50 -50 0 
27.65 -27.65 22.35 -22.35 50 -50 0 
3.25 -3.25 46.75 -46.75 50 -50 0 
25.3 -25.3 24.7 -24.7 50 -50 0 
33.9 -33.9 16.1 -16.1 50 -50 0 
-11.85 11.85 61.85 -61.85 50 -50 0 
23.9 -23.9 26.1 -26.1 50 -50 0 
-44.45 44.45 94.45 -94.45 50 -50 0 
-6.95 6.95 56.95 -56.95 50 -50 0 
-40.75 40.75 90.75 -90.75 50 -50 0 
-17.95 17.95 67.95 -67.95 50 -50 0 
-23.7 23.7 73.7 -73.7 50 -50 0 
-24.55 24.55 74.55 -74.55 50 -50 0 
-42.75 42.75 -57.25 57.25 -100 100 2 
53 -50 -3 0 50 -50 0 
-17.85 17.85 67.85 -67.85 50 -50 0 
-28.2 28.2 78.2 -78.2 50 -50 0 
24.05 -24.05 25.95 -25.95 50 -50 0 
-27.75 27.75 77.75 -77.75 50 -50 0 
-35.1 35.1 85.1 -85.1 50 -50 0 
-34.05 34.05 84.05 -84.05 50 -50 0 
-21.85 21.85 71.85 -71.85 50 -50 0 
25.75 -25.75 24.25 -24.25 50 -50 0 
-33.1 33.1 83.1 -83.1 50 -50 0 
-21.6 21.6 71.6 -71.6 50 -50 0 
-42.45 42.45 -57.55 57.55 -100 100 2 
33.85 -33.85 16.15 -16.15 50 -50 0 
34.9 -34.9 15.1 -15.1 50 -50 0 
-45.9 45.9 95.9 -95.9 50 -50 0 
-24.05 24.05 74.05 -74.05 50 -50 0 
-32.8 32.8 82.8 -82.8 50 -50 0 
13.6 -13.6 36.4 -36.4 50 -50 0 
-23.85 23.85 73.85 -73.85 50 -50 0 
12.85 -12.85 37.15 -37.15 50 -50 0 
-36.45 36.45 86.45 -86.45 50 -50 0 
-32.3 32.3 82.3 -82.3 50 -50 0 
-3.55 3.55 -96.45 96.45 -100 100 2 
-23.05 23.05 73.05 -73.05 50 -50 0 
33.35 -33.35 16.65 -16.65 50 -50 0 
23.75 -23.75 26.25 -26.25 50 -50 0 
10.9 -10.9 39.1 -39.1 50 -50 0 
35.35 -35.35 14.65 -14.65 50 -50 0 
-6.45 6.45 56.45 -56.45 50 -50 0 
8 -8 42 -42 50 -50 0 
-51 51 101 -101 50 -50 0 
-40.25 40.25 90.25 -90.25 50 -50 0 
22.7 -22.7 27.3 -27.3 50 -50 0 
-42.4 42.4 92.4 -92.4 50 -50 0 
22.3 -22.3 27.7 -27.7 50 -50 0 
30.7 -30.7 19.3 -19.3 50 -50 0 
-13.7 13.7 63.7 -63.7 50 -50 0 
-19 19 69 -69 50 -50 0 
26.85 -26.85 23.15 -23.15 50 -50 0 
7.75 -7.75 42.25 -42.25 50 -50 0 
-10.6 10.6 -89.4 89.4 -100 100 2 
-21.95 21.95 71.95 -71.95 50 -50 0 
24.7 -24.7 25.3 -25.3 50 -50 0 
-45.6 45.6 95.6 -95.6 50 -50 0 
-0.2 0.2 -99.8 99.8 -100 100 2 
30.55 -30.55 19.45 -19.45 50 -50 0 
-33.05 33.05 83.05 -83.05 50 -50 0 
19.2 -19.2 30.8 -30.8 50 -50 0 
30.95 -30.95 19.05 -19.05 50 -50 0 
38 -38 12 -12 50 -50 0 
30.55 -30.55 19.45 -19.45 50 -50 0 
-23.45 23.45 73.45 -73.45 50 -50 0 
-48.4 48.4 -51.6 51.6 -100 100 2 
-32.75 32.75 82.75 -82.75 50 -50 0 
27.35 -27.35 22.65 -22.65 50 -50 0 
-11.6 11.6 61.6 -61.6 50 -50 0 
29.5 -29.5 20.5 -20.5 50 -50 0 
-33.6 33.6 83.6 -83.6 50 -50 0 
-0.7 0.7 50.7 -50.7 50 -50 0 
-28.9 28.9 78.9 -78.9 50 -50 0 
29.5 -29.5 20.5 -20.5 50 -50 0 
-27.65 27.65 77.65 -77.65 50 -50 0 
46.2 -46.2 3.8 -3.8 50 -50 0 
-36.2 36.2 86.2 -86.2 50 -50 0 
-33.25 33.25 -66.75 66.75 -100 100 2 
48.35 -48.35 1.65 -1.65 50 -50 0 
30.3 -30.3 19.7 -19.7 50 -50 0 
-35.05 35.05 -64.95 64.95 -100 100 2 
-19 19 69 -69 50 -50 0 
-9.7 9.7 59.7 -59.7 50 -50 0 
-36.25 36.25 86.25 -86.25 50 -50 0 
14.25 -14.25 35.75 -35.75 50 -50 0 
27.25 -27.25 22.75 -22.75 50 -50 0 
-6.85 6.85 -93.15 93.15 -100 100 2 
15.45 -15.45 34.55 -34.55 50 -50 0 
-27.6 27.6 77.6 -77.6 50 -50 0 
-19.65 19.65 69.65 -69.65 50 -50 0 
-31.75 31.75 -68.25 68.25 -100 100 2 
29.55 -29.55 20.45 -20.45 50 -50 0 
14.05 -14.05 35.95 -35.95 50 -50 0 
20.3 -20.3 29.7 -29.7 50 -50 0 
13.75 -13.75 36.25 -36.25 50 -50 0 
-7.4 7.4 57.4 -57.4 50 -50 0 
29.35 -29.35 20.65 -20.65 50 -50 0 
6.9 -6.9 43.1 -43.1 50 -50 0 
-40.85 40.85 90.85 -90.85 50 -50 0 
-31.15 31.15 81.15 -81.15 50 -50 0 
28 -28 22 -22 50 -50 0 
-28.2 28.2 78.2 -78.2 50 -50 0 
-12.75 12.75 62.75 -62.75 50 -50 0 
-20.05 20.05 70.05 -70.05 50 -50 0 
72 -50 -22 0 50 -50 0 
42.8 -42.8 7.2 -7.2 50 -50 0 
33.55 -33.55 16.45 -16.45 50 -50 0 
-39.85 39.85 89.85 -89.85 50 -50 0 
34.05 -34.05 15.95 -15.95 50 -50 0 
30.6 -30.6 19.4 -19.4 50 -50 0 
-14.85 14.85 64.85 -64.85 50 -50 0 
24.25 -24.25 25.75 -25.75 50 -50 0 
-32.65 32.65 82.65 -82.65 50 -50 0 
-20.25 20.25 70.25 -70.25 50 -50 0 
-13.85 13.85 63.85 -63.85 50 -50 0 
-20.75 20.75 70.75 -70.75 50 -50 0 
-11.35 11.35 61.35 -61.35 50 -50 0 
-20.8 20.8 70.8 -70.8 50 -50 0 
10.55 -10.55 39.45 -39.45 50 -50 0 
21.1 -21.1 28.9 -28.9 50 -50 0 
22.6 -22.6 27.4 -27.4 50 -50 0 
-34.55 34.55 84.55 -84.55 50 -50 0 
-73.05 73.05 -26.95 26.95 -100 100 2 
17.55 -17.55 32.45 -32.45 50 -50 0 
-28.5 28.5 78.5 -78.5 50 -50 0 
16.65 -16.65 33.35 -33.35 50 -50 0 
33.35 -33.35 16.65 -16.65 50 -50 0 
-45 45 95 -95 50 -50 0 
-42.75 42.75 -57.25 57.25 -100 100 2 
-15.65 15.65 65.65 -65.65 50 -50 0 
25.65 -25.65 24.35 -24.35 50 -50 0 
-41.9 41.9 91.9 -91.9 50 -50 0 
-31.9 31.9 81.9 -81.9 50 -50 0 
29.85 -29.85 20.15 -20.15 50 -50 0 
86.45 -50 -36.45 0 50 -50 0 
26.55 -26.55 23.45 -23.45 50 -50 0 
20.4 -20.4 29.6 -29.6 50 -50 0 
-29.75 29.75 79.75 -79.75 50 -50 0 
-22.25 22.25 72.25 -72.25 50 -50 0 
-43.1 43.1 -56.9 56.9 -100 100 2 
-35.05 35.05 85.05 -85.05 50 -50 0 
-42.05 42.05 92.05 -92.05 50 -50 0 
63.5 -50 -13.5 0 50 -50 0 
-37.5 37.5 -62.5 62.5 -100 100 2 
-25.4 25.4 75.4 -75.4 50 -50 0 
31.25 -31.25 18.75 -18.75 50 -50 0 
-54.15 54.15 104.15 -104.15 50 -50 0 
24.95 -24.95 25.05 -25.05 50 -50 0 
36.35 -36.35 13.65 -13.65 50 -50 0 
13.65 -13.65 36.35 -36.35 50 -50 0 
-31.55 31.55 81.55 -81.55 50 -50 0 
-32.95 32.95 82.95 -82.95 50 -50 0 
-33.5 33.5 83.5 -83.5 50 -50 0 
30.5 -30.5 19.5 -19.5 50 -50 0 
33.35 -33.35 16.65 -16.65 50 -50 0 
-35.2 35.2 85.2 -85.2 50 -50 0 
-19.1 19.1 69.1 -69.1 50 -50 0 
44.85 -44.85 5.15 -5.15 50 -50 0 
-37.3 37.3 87.3 -87.3 50 -50 0 
-42.15 42.15 -57.85 57.85 -100 100 2 
-33.95 33.95 83.95 -83.95 50 -50 0 
-46.4 46.4 96.4 -96.4 50 -50 0 
63.7 -50 -13.7 0 50 -50 0 
9.45 -9.45 40.55 -40.55 50 -50 0 
40.7 -40.7 9.3 -9.3 50 -50 0 
40 -40 10 -10 50 -50 0 
-3.15 3.15 53.15 -53.15 50 -50 0 
-42.35 42.35 92.35 -92.35 50 -50 0 
5.35 -5.35 44.65 -44.65 50 -50 0 
33.2 -33.2 16.8 -16.8 50 -50 0 
-8 8 58 -58 50 -50 0 
26.05 -26.05 23.95 -23.95 50 -50 0 
46.85 -46.85 3.15 -3.15 50 -50 0 
-26.85 26.85 76.85 -76.85 50 -50 0 
45.55 -45.55 4.45 -4.45 50 -50 0 
-32.55 32.55 82.55 -82.55 50 -50 0 
-35.85 35.85 85.85 -85.85 50 -50 0 
-31.3 31.3 81.3 -81.3 50 -50 0 
-20.1 20.1 70.1 -70.1 50 -50 0 
-40.9 40.9 90.9 -90.9 50 -50 0 
32.95 -32.95 17.05 -17.05 50 -50 0 
-53.55 53.55 103.55 -103.55 50 -50 0 
31.05 -31.05 18.95 -18.95 50 -50 0 
27.4 -27.4 22.6 -22.6 50 -50 0 
-40.2 40.2 90.2 -90.2 50 -50 0 
-17.8 17.8 67.8 -67.8 50 -50 0 
27.15 -27.15 22.85 -22.85 50 -50 0 
12.7 -12.7 37.3 -37.3 50 -50 0 
69.4 -50 -19.4 0 50 -50 0 
31.65 -31.65 18.35 -18.35 50 -50 0 
-33.8 33.8 83.8 -83.8 50 -50 0 
-37.1 37.1 87.1 -87.1 50 -50 0 
17.85 -17.85 32.15 -32.15 50 -50 0 
-14.8 14.8 64.8 -64.8 50 -50 0 
29.3 -29.3 20.7 -20.7 50 -50 0 
-29.05 29.05 79.05 -79.05 50 -50 0 
-34.05 34.05 84.05 -84.05 50 -50 0 
-28 28 78 -78 50 -50 0 
31.9 -31.9 18.1 -18.1 50 -50 0 
-6.3 6.3 56.3 -56.3 50 -50 0 
65.6 -50 -15.6 0 50 -50 0 
14.6 -14.6 35.4 -35.4 50 -50 0 
33.65 -33.65 16.35 -16.35 50 -50 0 
73.7 -50 -23.7 0 50 -50 0 
-30.8 30.8 80.8 -80.8 50 -50 0 
29.1 -29.1 20.9 -20.9 50 -50 0 
-10.85 10.85 60.85 -60.85 50 -50 0 
11.3 -11.3 38.7 -38.7 50 -50 0 
-23.85 23.85 73.85 -73.85 50 -50 0 
-16.85 16.85 66.85 -66.85 50 -50 0 
-37.8 37.8 87.8 -87.8 50 -50 0 
-31.3 31.3 81.3 -81.3 50 -50 0 
20.55 -20.55 29.45 -29.45 50 -50 0 
29.45 -29.45 20.55 -20.55 50 -50 0 
-13.95 13.95 63.95 -63.95 50 -50 0 
16.45 -16.45 33.55 -33.55 50 -50 0 
14.85 -14.85 35.15 -35.15 50 -50 0 
-31.4 31.4 81.4 -81.4 50 -50 0 
-26.25 26.25 76.25 -76.25 50 -50 0 
36.05 -36.05 13.95 -13.95 50 -50 0 
34.1 -34.1 15.9 -15.9 50 -50 0 
13.95 -13.95 36.05 -36.05 50 -50 0 
-28.3 28.3 78.3 -78.3 50 -50 0 
-17.15 17.15 67.15 -67.15 50 -50 0 
-52.9 52.9 102.9 -102.9 50 -50 0 
26 -26 24 -24 50 -50 0 
31.15 -31.15 18.85 -18.85 50 -50 0 
-30.4 30.4 80.4 -80.4 50 -50 0 
-30.7 30.7 80.7 -80.7 50 -50 0 
-35.1 35.1 85.1 -85.1 50 -50 0 
-33.4 33.4 -66.6 66.6 -100 100 2 
-27.45 27.45 77.45 -77.45 50 -50 0 
-8.55 8.55 58.55 -58.55 50 -50 0 
24.5 -24.5 25.5 -25.5 50 -50 0 
-60.95 60.95 -39.05 39.05 -100 100 2 
29.5 -29.5 20.5 -20.5 50 -50 0 
-100 100 0 0 -100 100 9 
-100 100 0 0 -100 100 9 
100 -100 0 0 100 -100 9 
-100 100 0 0 -100 100 9 
71.75 -50 28.25 -50 100 -100 1 
100 -100 0 0 100 -100 9 
100 -100 0 0 100 -100 9 
-100 100 0 0 -100 100 9 
-100 100 0 0 -100 100 8 
100 -100 0 0 100 -100 9 
100 -98.25 0 -1.75 100 -100 9 
-100 100 0 0 -100 100 9 
100 -100 0 0 100 -100 9 
100 -100 0 0 100 -100 9 
100 -100 0 0 100 -100 9 
-100 100 0 0 -100 100 9 
-100 100 0 0 -100 100 9 
100 -100 0 0 100 -100 9 
100 -100 0 0 100 -100 9 
-100 100 0 0 -100 100 8 
-100 100 0 0 -100 100 9 
-100 100 0 0 -100 100 9 
-100 100 0 0 -100 100 8 
3.10862e-15 0 0 0 3.10862e-15 0 9 
100 -100 0 0 100 -100 9 
100 -100 0 0 100 -100 9 
100 -100 0 0 100 -100 9 
100 -100 0 0 100 -100 9 
-100 100 0 0 -100 100 9 
-100 100 0 0 -100 100 8 
-100 100 0 0 -100 100 8 
-100 100 0 0 -100 100 9 
100 -100 0 0 100 -100 9 
100 -100 0 0 100 -100 9 
100 -100 0 0 100 -100 9 
100 -100 0 0 100 -100 9 
100 -100 0 0 100 -100 9 
-100 100 0 0 -100 100 9 
-100 100 0 0 -100 100 9 
100 -100 0 0 100 -100 9 
100 -100 0 0 100 -100 9 
100 -100 0 0 100 -100 9 
-100 100 0 0 -100 100 9 
-100 100 0 0 -100 100 9 
100 -100 0 0 100 -100 9 
100 -100 0 0 100 -100 9 
100 -100 0 0 100 -100 9 
-100 100 0 0 -100 100 9 
100 -100 0 0 100 -100 9 
100 -100 0 0 100 -100 9 
100 -100 0 0 100 -100 9 
68.85 -50 31.15 -50 100 -100 1 
-100 100 0 0 -100 100 9 
100 -100 0 0 100 -100 9 
100 -100 0 0 100 -100 9 
-100 100 0 0 -100 100 9 
100 -100 0 0 100 -100 9 
100 -98.05 0 -1.95 100 -100 9 
-7.10543e-15 -7.10543e-15 0 0 -7.10543e-15 -7.10543e-15 9 
7.10543e-15 -7.10543e-15 0 0 7.10543e-15 -7.10543e-15 9 
100 -100 0 0 100 -100 9 
-100 100 0 0 -100 100 9 
100 -100 0 0 100 -100 9 
0 -1.42109e-14 0 0 0 -1.42109e-14 9 
100 -100 0 0 100 -100 9 
-100 100 0 0 -100 100 9 
-100 100 0 0 -100 100 9 
-100 100 0 0 -100 100 9 
100 -100 0 0 100 -100 9 
-76.4 76.4 -23.6 23.6 -100 100 2 
100 -100 0 0 100 -100 9 
-100 100 0 0 -100 100 6 
-100 100 0 0 -100 100 9 
-100 100 0 0 -100 100 9 
-100 100 0 0 -100 100 9 
-100 100 0 0 -100 100 6 
-100 100 0 0 -100 100 9 
-100 100 0 0 -100 100 9 
100 -100 0 0 100 -100 9 
100 -100 0 0 100 -100 9 
-100 100 0 0 -100 100 9 
100 -100 0 0 100 -100 9 
-100 100 0 0 -100 100 9 
-100 100 0 0 -100 100 9 
100 -100 0 0 100 -100 9 
-100 100 0 0 -100 100 9 
-100 100 0 0 -100 100 9 
-63.05 63.05 -19937 19937 -20000 20000 2 
-100 100 0 0 -100 100 9 
-100 100 0 0 -100 100 9 
100 -100 0 0 100 -100 9 
100 -100 0 0 100 -100 9 
-100 100 0 0 -100 100 9 
-100 100 0 0 -100 100 9 
0 0 -100 100 -100 100 8 
100 -100 0 0 100 -100 9 
-84.0909 84.0909 -15.9091 15.9091 -100 100 6 
-100 100 0 0 -100 100 9 
-100 100 0 0 -100 100 9 
100 -100 0 0 100 -100 9 
100 -100 0 0 100 -100 9 
-100 100 0 0 -100 100 9 
-97.7273 97.7273 -2.27273 2.27273 -100 100 6 
100 -100 0 0 100 -100 9 
-100 100 0 0 -100 100 9 
100 -100 0 0 100 -100 9 
-100 100 0 0 -100 100 9 
-100 100 0 0 -100 100 9 
-100 100 0 0 -100 100 9 
-100 100 0 0 -100 100 8 
-100 100 0 0 -100 100 9 
-100 100 0 0 -100 100 9 
-100 100 0 0 -100 100 9 
-49.95 49.95 -50.05 50.05 -100 100 2 
-1.77636e-15 1.77636e-15 0 0 -1.77636e-15 1.77636e-15 9 
-100 100 0 0 -100 100 9 
100 -100 0 0 100 -100 9 
-100 100 0 0 -100 100 9 
-100 100 0 0 -100 100 9 
-100 100 0 0 -100 100 9 
100 -100 0 0 100 -100 9 
67.6 -50 32.4 -50 100 -100 1 
44.35 -44.35 55.65 -55.65 100 -100 1 
39.8 -39.8 60.2 -60.2 100 -100 1 
100 -100 0 0 100 -100 9 
100 -100 0 0 100 -100 9 
100 -100 0 0 100 -100 9 
100 -100 0 0 100 -100 9 
100 -98.2 0 -1.8 100 -100 9 
-100 100 0 0 -100 100 9 
100 -100 0 0 100 -100 9 
-100 100 0 0 -100 100 9 
100 -100 0 0 100 -100 9 
-100 100 0 0 -100 100 9 
-99.3939 99.3939 -0.606061 0.606061 -100 100 4 
-100 100 0 0 -100 100 9 
-100 100 0 0 -100 100 9 
-100 100 0 0 -100 100 9 
-100 100 0 0 -100 100 9 
100 -100 0 0 100 -100 9 
-100 100 0 0 -100 100 9 
0 0 -100 100 -100 100 8 
100 -100 0 0 100 -100 9 
79.45 -50 20.55 -50 100 -100 1 
-100 100 0 0 -100 100 9 
100 -100 0 0 100 -100 9 
-100 100 0 0 -100 100 9 
-100 100 0 0 -100 100 9 
100 -100 0 0 100 -100 9 
-100 100 0 0 -100 100 9 
-54.5455 54.5455 -45.4545 45.4545 -100 100 6 
100 -100 0 0 100 -100 9 
-100 100 0 0 -100 100 9 
-100 100 0 0 -100 100 9 
-100 100 0 0 -100 100 9 
-29.55 29.55 -70.45 70.45 -100 100 2 
2.05 -2.05 97.95 -97.95 100 -100 1 
100 -100 0 0 100 -100 9 
100 -100 0 0 100 -100 9 
-100 100 0 0 -100 100 9 
100 -100 0 0 100 -100 9 
100 -100 0 0 100 -100 9 
100 -100 0 0 100 -100 9 
100 -100 0 0 100 -100 9 
100 -100 0 0 100 -100 9 
-100 100 0 0 -100 100 9 
-100 100 0 0 -100 100 9 
5.32907e-15 -5.32907e-15 0 0 5.32907e-15 -5.32907e-15 9 
-53.95 53.95 -46.05 46.05 -100 100 2 
-100 100 0 0 -100 100 9 
100 -100 0 0 100 -100 9 
100 -100 0 0 100 -100 9 
-100 100 0 0 -100 100 9 
62 -50 38 -50 100 -100 1 
100 -100 0 0 100 -100 9 
-100 100 0 0 -100 100 9 
-73.3 73.3 -26.7 26.7 -100 100 2 
-100 100 0 0 -100 100 9 
100 -100 0 0 100 -100 9 
-100 100 0 0 -100 100 4 
-100 100 0 0 -100 100 9 
100 -100 0 0 100 -100 9 
100 -94.7 0 -5.3 100 -100 9 
-100 100 0 0 -100 100 9 
-100 100 0 0 -100 100 9 
100 -100 0 0 100 -100 9 
-100 100 0 0 -100 100 9 
100 -100 0 0 100 -100 9 
-100 100 0 0 -100 100 8 
100 -100 0 0 100 -100 9 
-100 100 0 0 -100 100 9 
100 -100 0 0 100 -100 9 
100 -100 0 0 100 -100 9 
100 -100 0 0 100 -100 9 
100 -100 0 0 100 -100 9 
100 -100 0 0 100 -100 9 
100 -100 0 0 100 -100 9 
100 -100 0 0 100 -100 9 
-100 100 0 0 -100 100 9 
-81.8182 81.8182 -18.1818 18.1818 -100 100 6 
-100 100 0 0 -100 100 9 
100 -100 0 0 100 -100 9 
0 0 0 0 0 0 9 
-100 100 0 0 -100 100 9 
-21.95 21.95 -78.05 78.05 -100 100 2 
-100 100 0 0 -100 100 9 
-47.55 47.55 -52.45 52.45 -100 100 2 
-100 100 0 0 -100 100 9 
100 -100 0 0 100 -100 9 
-100 100 0 0 -100 100 8 
-100 100 0 0 -100 100 9 
-100 100 0 0 -100 100 8 
100 -100 0 0 100 -100 9 
3.55271e-15 -7.10543e-15 0 0 3.55271e-15 -7.10543e-15 9 
-100 100 0 0 -100 100 9 
100 -100 0 0 100 -100 9 
-100 100 0 0 -100 100 9 
-33.5 33.5 -66.5 66.5 -100 100 2 
-100 100 0 0 -100 100 9 
-100 100 0 0 -100 100 9 
-100 100 0 0 -100 100 9 
-100 100 0 0 -100 100 8 
-100 100 0 0 -100 100 9 
100 -100 0 0 100 -100 9 
100 -100 0 0 100 -100 9 
100 -100 0 0 100 -100 9 
100 -100 0 0 100 -100 9 
100 -100 0 0 100 -100 9 
-100 100 0 0 -100 100 9 
-100 100 0 0 -100 100 9 
-97.7273 97.7273 -2.27273 2.27273 -100 100 6 
-100 100 0 0 -100 100 9 
-0.95 0.95 100.95 -100.95 100 -100 1 
-100 100 0 0 -100 100 9 
-100 100 0 0 -100 100 9 
-100 100 0 0 -100 100 9 
3.55271e-15 7.10543e-15 0 0 3.55271e-15 7.10543e-15 9 
-100 100 0 0 -100 100 8 
-100 100 0 0 -100 100 9 
100 -100 0 0 100 -100 9 
100 -100 0 0 100 -100 9 
100 -100 0 0 100 -100 9 
-100 100 0 0 -100 100 9 
100 -100 0 0 100 -100 9 
100 -100 0 0 100 -100 9 
100 -100 0 0 100 -100 9 
100 -100 0 0 100 -100 9 
100 -100 0 0 100 -100 9 
100 -100 0 0 100 -100 9 
33.75 -33.75 66.25 -66.25 100 -100 1 
-100 100 0 0 -100 100 9 
-100 100 0 0 -100 100 9 
42.4 -42.4 57.6 -57.6 100 -100 1 
-100 100 0 0 -100 100 9 
100 -100 0 0 100 -100 9 
100 -100 0 0 100 -100 9 
-100 100 0 0 -100 100 9 
-61.6 61.6 161.6 -161.6 100 -100 1 
-71.15 71.15 -28.85 28.85 -100 100 2 
-100 100 0 0 -100 100 9 
7.10543e-15 7.10543e-15 0 0 7.10543e-15 7.10543e-15 9 
-65.9 65.9 -34.1 34.1 -100 100 2 
100 -100 0 0 100 -100 9 
-100 100 0 0 -100 100 9 
-100 100 0 0 -100 100 9 
-100 100 0 0 -100 100 9 
100 -100 0 0 100 -100 9 
5.65 -5.65 94.35 -94.35 100 -100 1 
-68.1818 68.1818 -31.8182 31.8182 -100 100 6 
100 -100 0 0 100 -100 9 
100 -100 0 0 100 -100 9 
-100 100 0 0 -100 100 9 
100 -100 0 0 100 -100 9 
100 -100 0 0 100 -100 9 
100 -100 0 0 100 -100 9 
100 -100 0 0 100 -100 9 
100 -100 0 0 100 -100 9 
100 -100 0 0 100 -100 9 
100 -100 0 0 100 -100 9 
100 -100 0 0 100 -100 9 
100 -100 0 0 100 -100 9 
100 -100 0 0 100 -100 9 
-100 100 0 0 -100 100 9 
100 -100 0 0 100 -100 9 
100 -100 0 0 100 -100 9 
100 -100 0 0 100 -100 9 
100 -100 0 0 100 -100 9 
100 -100 0 0 100 -100 9 
-100 100 0 0 -100 100 6 
100 -100 0 0 100 -100 9 
100 -100 0 0 100 -100 9 
100 -100 0 0 100 -100 9 
100 -100 0 0 100 -100 9 
-100 100 0 0 -100 100 9 
73.35 -50 26.65 -50 100 -100 1 
-100 100 0 0 -100 100 9 
100 -100 0 0 100 -100 9 
-100 100 0 0 -100 100 9 
-100 100 0 0 -100 100 9 
100 -100 0 0 100 -100 9 
-100 100 0 0 -100 100 9 
100 -100 0 0 100 -100 9 
100 -100 0 0 100 -100 9 
-100 100 0 0 -100 100 9 
100 -100 0 0 100 -100 9 
-100 100 0 0 -100 100 8 
100 -100 0 0 100 -100 9 
7.3 -7.3 92.7 -92.7 100 -100 1 
-100 100 0 0 -100 100 9 
100 -100 0 0 100 -100 9 
11.15 -11.15 88.85 -88.85 100 -100 1 
-100 100 0 0 -100 100 9 
-100 100 0 0 -100 100 8 
100 -95.45 0 -4.55 100 -100 9 
-100 100 0 0 -100 100 9 
-100 100 0 0 -100 100 9 
-100 100 0 0 -100 100 9 
-100 100 0 0 -100 100 4 
100 -100 0 0 100 -100 9 
100 -100 0 0 100 -100 9 
100 -100 0 0 100 -100 9 
-100 100 0 0 -100 100 9 
100 -100 0 0 100 -100 9 
-100 100 0 0 -100 100 9 
-100 100 0 0 -100 100 9 
-100 100 0 0 -100 100 9 
-100 100 0 0 -100 100 9 
-100 100 0 0 -100 100 9 
-100 100 0 0 -100 100 9 
-100 100 0 0 -100 100 8 
33.3 -33.3 66.7 -66.7 100 -100 1 
100 -100 0 0 100 -100 9 
100 -100 0 0 100 -100 9 
100 -100 0 0 100 -100 9 
0 0 -100 100 -100 100 6 
100 -100 0 0 100 -100 9 
-100 100 0 0 -100 100 6 
100 -100 0 0 100 -100 9 
100 -100 0 0 100 -100 9 
100 -100 0 0 100 -100 9 
100 -100 0 0 100 -100 9 
-100 100 0 0 -100 100 8 
-100 100 0 0 -100 100 9 
61.9 -50 38.1 -50 100 -100 1 
-100 100 0 0 -100 100 8 
100 -100 0 0 100 -100 9 
-7.10543e-15 -7.10543e-15 0 0 -7.10543e-15 -7.10543e-15 9 
100 -100 0 0 100 -100 9 
100 -100 0 0 100 -100 9 
-100 100 0 0 -100 100 9 
-100 100 0 0 -100 100 9 
-100 100 0 0 -100 100 9 
-100 100 0 0 -100 100 9 
-100 100 0 0 -100 100 9 
-100 100 0 0 -100 100 6 
100 -100 0 0 100 -100 9 
100 -100 0 0 100 -100 9 
-100 100 0 0 -100 100 9 
-100 100 0 0 -100 100 9 
-100 100 0 0 -100 100 9 
100 -100 0 0 100 -100 9 
100 -100 0 0 100 -100 9 
-100 100 0 0 -100 100 9 
83.9 -50 16.1 -50 100 -100 1 
-100 100 0 0 -100 100 9 
-90.101 90.101 -9.89899 9.89899 -100 100 4 
38.7 -38.7 61.3 -61.3 100 -100 1 
100 -100 0 0 100 -100 9 
100 -100 0 0 100 -100 9 
5.55 -5.55 94.45 -94.45 100 -100 1 
-100 100 0 0 -100 100 8 
100 -100 0 0 100 -100 9 
61.5 -50 38.5 -50 100 -100 1 
100 -100 0 0 100 -100 9 
-100 100 0 0 -100 100 9 
-100 100.3 0 -0.3 -100 100 9 
-100 100 0 0 -100 100 9 
100 -100 0 0 100 -100 9 
-93.1818 93.1818 -6.81818 6.81818 -100 100 6 
100 -100 0 0 100 -100 9 
100 -100 0 0 100 -100 9 
100 -100 0 0 100 -100 9 
100 -100 0 0 100 -100 9 
-100 100 0 0 -100 100 9 
-100 100 0 0 -100 100 4 
-100 100 0 0 -100 100 6 
100 -100 0 0 100 -100 9 
100 -100 0 0 100 -100 9 
-100 100 0 0 -100 100 9 
-100 100 0 0 -100 100 9 
100 -100 0 0 100 -100 9 
-100 100 0 0 -100 100 9 
-100 100 0 0 -100 100 9 
-100 100 0 0 -100 100 9 
-100 100 0 0 -100 100 9 
100 -100 0 0 100 -100 9 
100 -100 0 0 100 -100 9 
-100 100 0 0 -100 100 9 
-100 100 0 0 -100 100 9 
100 -100 0 0 100 -100 9 
100 -100 0 0 100 -100 9 
100 -100 0 0 100 -100 9 
-100 100 0 0 -100 100 8 
-100 100 0 0 -100 100 9 
-100 100 0 0 -100 100 9 
100 -100 0 0 100 -100 9 
100 -100 0 0 100 -100 9 
-100 100 0 0 -100 100 9 
100 -100 0 0 100 -100 9 
-100 100 0 0 -100 100 9 
100 -100 0 0 100 -100 9 
-100 100 0 0 -100 100 9 
-90.9091 90.9091 -9.09091 9.09091 -100 100 6 
100 -100 0 0 100 -100 9 
100 -100 0 0 100 -100 9 
100 -100 0 0 100 -100 9 
100 -100 0 0 100 -100 9 
-100 100 0 0 -100 100 9 
100 -100 0 0 100 -100 9 
-100 100 0 0 -100 100 9 
100 -100 0 0 100 -100 9 
100 -100 0 0 100 -100 9 
100 -100 0 0 100 -100 9 
100 -100 0 0 100 -100 9 
-100 100 0 0 -100 100 9 
100 -100 0 0 100 -100 9 
-100 100 0 0 -100 100 9 
-100 100 0 0 -100 100 9 
100 -100 0 0 100 -100 9 
-100 100 0 0 -100 100 9 
5.32907e-15 -5.32907e-15 0 0 5.32907e-15 -5.32907e-15 9 
-100 100 0 0 -100 100 9 
100 -100 0 0 100 -100 9 
7.10543e-15 -7.10543e-15 0 0 7.10543e-15 -7.10543e-15 9 
100 -100 0 0 100 -100 9 
100 -100 0 0 100 -100 9 
100 -100 0 0 100 -100 9 
-100 100 0 0 -100 100 9 
-100 100 0 0 -100 100 9 
-100 100 0 0 -100 100 9 
-100 100 0 0 -100 100 9 
-100 100 0 0 -100 100 9 
100 -100 0 0 100 -100 9 
-100 100 0 0 -100 100 9 
-100 100 0 0 -100 100 9 
100 -100 0 0 100 -100 9 
100 -100 0 0 100 -100 9 
-100 100 0 0 -100 100 9 
100 -100 0 0 100 -100 9 
-72.7273 72.7273 -27.2727 27.2727 -100 100 6 
-100 100 0 0 -100 100 9 
100 -100 0 0 100 -100 9 
-100 100 0 0 -100 100 9 
100 -100 0 0 100 -100 9 
100 -100 0 0 100 -100 9 
-100 100 0 0 -100 100 9 
-94.6465 94.6465 -5.35354 5.35354 -100 100 4 
100 -100 0 0 100 -100 9 
-100 100 0 0 -100 100 9 
100 -100 0 0 100 -100 9 
100 -100 0 0 100 -100 9 
42.95 -42.95 57.05 -57.05 100 -100 1 
-100 100 0 0 -100 100 8 
-100 100 0 0 -100 100 9 
-98.7879 98.7879 -1.21212 1.21212 -100 100 4 
100 -100 0 0 100 -100 9 
-36.9 36.9 -63.1 63.1 -100 100 2 
-100 100 0 0 -100 100 9 
-93.1818 93.1818 -6.81818 6.81818 -100 100 6 
100 -100 0 0 100 -100 9 
-100 100 0 0 -100 100 8 
100 -100 0 0 100 -100 9 
-100 100 0 0 -100 100 6 
64.8 -50 35.2 -50 100 -100 1 
-100 100 0 0 -100 100 9 
100 -100 0 0 100 -100 9 
-100 100 0 0 -100 100 8 
-100 100 0 0 -100 100 9 
-100 100 0 0 -100 100 9 
-100 100 0 0 -100 100 9 
-100 100 0 0 -100 100 9 
100 -100 0 0 100 -100 9 
-100 100 0 0 -100 100 9 
100 -100 0 0 100 -100 9 
1.06581e-14 3.55271e-15 0 0 1.06581e-14 3.55271e-15 9 
-100 100 0 0 -100 100 9 
-100 100 0 0 -100 100 9 
100 -100 0 0 100 -100 9 
100 -100 0 0 100 -100 9 
-100 100 0 0 -100 100 9 
-100 100 0 0 -100 100 8 
100 -100 0 0 100 -100 9 
2.66454e-15 -2.66454e-15 0 0 2.66454e-15 -2.66454e-15 9 
100 -100 0 0 100 -100 9 
-100 100 0 0 -100 100 9 
-100 100 0 0 -100 100 9 
-100 100 0 0 -100 100 9 
100 -100 0 0 100 -100 9 
100 -100 0 0 100 -100 9 
100 -100 0 0 100 -100 9 
-100 100 0 0 -100 100 9 
100 -100 0 0 100 -100 9 
-100 100 0 0 -100 100 9 
100 -100 0 0 100 -100 9 
100 -100 0 0 100 -100 9 
100 -100 0 0 100 -100 9 
-100 100 0 0 -100 100 9 
-100 100 0 0 -100 100 9 
100 -100 0 0 100 -100 9 
100 -100 0 0 100 -100 9 
-100 100 0 0 -100 100 6 
100 -100 0 0 100 -100 9 
100 -100 0 0 100 -100 9 
-100 100 0 0 -100 100 9 
-100 100 0 0 -100 100 9 
-100 100 0 0 -100 100 9 
38.8 -38.8 61.2 -61.2 100 -100 1 
-100 100 0 0 -100 100 9 
-100 100 0 0 -100 100 9 
-100 100 0 0 -100 100 9 
-100 100 0 0 -100 100 9 
-100 100 0 0 -100 100 8 
5.05 -5.05 94.95 -94.95 100 -100 1 
100 -100 0 0 100 -100 9 
-100 100 0 0 -100 100 9 
-100 100 0 0 -100 100 9 
-100 100 0 0 -100 100 9 
-100 100 0 0 -100 100 9 
100 -100 0 0 100 -100 9 
100 -100 0 0 100 -100 9 
-100 100 0 0 -100 100 9 
-100 100 0 0 -100 100 9 
100 -100 0 0 100 -100 9 
100 -100 0 0 100 -100 9 
-100 100 0 0 -100 100 9 
100 -100 0 0 100 -100 9 
-100 100 0 0 -100 100 9 
100 -100 0 0 100 -100 9 
100 -100 0 0 100 -100 9 
-100 100 0 0 -100 100 9 
-100 100 0 0 -100 100 9 
66.65 -50 33.35 -50 100 -100 1 
100 -100 0 0 100 -100 9 
-100 100 0 0 -100 100 9 
-100 100 0 0 -100 100 9 
-100 100 0 0 -100 100 9 
-100 100 0 0 -100 100 9 
-67.85 67.85 -32.15 32.15 -100 100 2 
-100 100 0 0 -100 100 9 
100 -100 0 0 100 -100 9 
100 -100 0 0 100 -100 9 
-100 100 0 0 -100 100 9 
100 -100 0 0 100 -100 9 
100 -100 0 0 100 -100 9 
-100 100 0 0 -100 100 9 
-100 100 0 0 -100 100 9 
-100 100 0 0 -100 100 9 
100 -100 0 0 100 -100 9 
-100 100 0 0 -100 100 9 
100 -100 0 0 100 -100 9 
100 -100 0 0 100 -100 9 
-100 100 0 0 -100 100 9 
64.35 -50 35.65 -50 100 -100 1 
-100 100 0 0 -100 100 9 
-100 100 0 0 -100 100 8 
100 -100 0 0 100 -100 9 
-100 100 0 0 -100 100 8 
0 0 0 0 0 0 9 
100 -100 0 0 100 -100 9 
-100 100 0 0 -100 100 9 
100 -100 0 0 100 -100 9 
100 -100 0 0 100 -100 9 
100 -100 0 0 100 -100 9 
-100 100 0 0 -100 100 9 
100 -100 0 0 100 -100 9 
100 -100 0 0 100 -100 9 
100 -100 0 0 100 -100 9 
-100 100 0 0 -100 100 9 
100 -100 0 0 100 -100 9 
100 -100 0 0 100 -100 9 
-100 100 0 0 -100 100 9 
-100 100 0 0 -100 100 9 
100 -100 0 0 100 -100 9 
-35.05 35.05 -64.95 64.95 -100 100 2 
100 -100 0 0 100 -100 9 
5.5 -5.5 94.5 -94.5 100 -100 1 
100 -100 0 0 100 -100 9 
1.42109e-14 -1.42109e-14 -100 100 -100 100 8 
-100 100 0 0 -100 100 9 
100 -100 0 0 100 -100 9 
100 -100 0 0 100 -100 9 
-100 100 0 0 -100 100 8 
-100 100 0 0 -100 100 8 
-100 100 0 0 -100 100 9 
100 -100 0 0 100 -100 9 
100 -100 0 0 100 -100 9 
100 -100 0 0 100 -100 9 
-100 100 0 0 -100 100 9 
-100 100 0 0 -100 100 9 
100 -100 0 0 100 -100 9 
-100 100 0 0 -100 100 9 
-100 100 0 0 -100 100 9 
0 0 0 0 0 0 9 
100 -100 0 0 100 -100 9 
100 -100 0 0 100 -100 9 
100 -100 0 0 100 -100 9 
-100 100 0 0 -100 100 6 
100 -100 0 0 100 -100 9 
-100 100 0 0 -100 100 9 
-100 100 0 0 -100 100 9 
-100 100 0 0 -100 100 9 
100 -100 0 0 100 -100 9 
-100 100 0 0 -100 100 9 
31.25 -31.25 68.75 -68.75 100 -100 1 
100 -100 0 0 100 -100 9 
100 -100 0 0 100 -100 9 
100 -100 0 0 100 -100 9 
-100 100 0 0 -100 100 9 
-100 100 0 0 -100 100 9 
100 -100 0 0 100 -100 9 
0 0 -100 100 -100 100 8 
-100 100 0 0 -100 100 9 
100 -100 0 0 100 -100 9 
100 -100 0 0 100 -100 9 
-100 100 0 0 -100 100 9 
-100 100 0 0 -100 100 8 
-100 100 0 0 -100 100 9 
-100 100 0 0 -100 100 9 
-100 100 0 0 -100 100 8 
100 -100 0 0 100 -100 9 
100 -100 0 0 100 -100 9 
100 -100 0 0 100 -100 9 
100 -100 0 0 100 -100 9 
-18 18 -82 82 -100 100 2 
100 -100 0 0 100 -100 9 
100 -100 0 0 100 -100 9 
-100 100 0 0 -100 100 9 
-100 100 0 0 -100 100 9 
100 -100 0 0 100 -100 9 
100 -100 0 0 100 -100 9 
-100 100 0 0 -100 100 9 
-100 100 0 0 -100 100 8 
100 -100 0 0 100 -100 9 
-100 100.05 0 -0.05 -100 100 9 
-100 100 0 0 -100 100 9 
100 -100 0 0 100 -100 9 
-100 100 0 0 -100 100 9 
100 -100 0 0 100 -100 9 
100 -100 0 0 100 -100 9 
-100 100 0 0 -100 100 9 
-100 100 0 0 -100 100 9 
100 -100 0 0 100 -100 9 
-100 100 0 0 -100 100 9 
100 -100 0 0 100 -100 9 
-9.09091 9.09091 -90.9091 90.9091 -100 100 6 
-100 100 0 0 -100 100 9 
100 -100 0 0 100 -100 9 
100 -100 0 0 100 -100 9 
-100 100 0 0 -100 100 9 
-100 100 0 0 -100 100 9 
100 -100 0 0 100 -100 9 
-100 100 0 0 -100 100 9 
-100 100 0 0 -100 100 9 
100 -100 0 0 100 -100 9 
100 -100 0 0 100 -100 9 
100 -100 0 0 100 -100 9 
100 -100 0 0 100 -100 9 
-100 100 0 0 -100 100 9 
100 -100 0 0 100 -100 9 
1.42109e-14 0 0 0 1.42109e-14 0 9 
100 -100 0 0 100 -100 9 
100 -100 0 0 100 -100 9 
100 -100 0 0 100 -100 9 
-100 100 0 0 -100 100 9 
8.85 -8.85 91.15 -91.15 100 -100 1 
-100 100 0 0 -100 100 9 
41.6 -41.6 58.4 -58.4 100 -100 1 
-100 100 0 0 -100 100 9 
-100 100 0 0 -100 100 9 
-100 100 0 0 -100 100 9 
74.15 -50 25.85 -50 100 -100 1 
100 -100 0 0 100 -100 9 
-93.1818 93.1818 -6.81818 6.81818 -100 100 6 
-100 100 0 0 -100 100 9 
36.4 -36.4 63.6 -63.6 100 -100 1 
-100 100 0 0 -100 100 8 
100 -100 0 0 100 -100 9 
-100 100 0 0 -100 100 8 
0 -1.42109e-14 -100 100 -100 100 8 
-100 100 0 0 -100 100 9 
100 -100 0 0 100 -100 9 
0 0 0 0 0 0 9 
74.1 -50 25.9 -50 100 -100 1 
100 -100 0 0 100 -100 9 
-100 100 0 0 -100 100 9 
-100 100 0 0 -100 100 9 
100 -100 0 0 100 -100 9 
100 -100 0 0 100 -100 9 
-100 100 0 0 -100 100 9 
100 -100 0 0 100 -100 9 
100 -100 0 0 100 -100 9 
-100 100 0 0 -100 100 6 
2.2 -2.2 97.8 -97.8 100 -100 1 
57.15 -50 42.85 -50 100 -100 1 
100 -100 0 0 100 -100 9 
100 -100 0 0 100 -100 9 
100 -100 0 0 100 -100 9 
-100 100 0 0 -100 100 9 
-100 100 0 0 -100 100 9 
-100 100 0 0 -100 100 8 
-100 100 0 0 -100 100 9 
6.55 -6.55 93.45 -93.45 100 -100 1 
100 -100 0 0 100 -100 9 
100 -100 0 0 100 -100 9 
100 -100 0 0 100 -100 9 
100 -100 0 0 100 -100 9 
100 -99.65 0 -0.35 100 -100 9 
100 -100 0 0 100 -100 9 
100 -100 0 0 100 -100 9 
-100 100 0 0 -100 100 8 
-100 100 0 0 -100 100 9 
-100 100 0 0 -100 100 9 
100 -100 0 0 100 -100 9 
100 -100 0 0 100 -100 9 
-100 100 0 0 -100 100 9 
100 -100 0 0 100 -100 9 
-100 100 0 0 -100 100 9 
100 -100 -200 200 -100 100 8 
-100 100 0 0 -100 100 9 
-100 100 0 0 -100 100 9 
-100 100 0 0 -100 100 9 
100 -100 0 0 100 -100 9 
100 -100 0 0 100 -100 9 
-6.21725e-15 6.21725e-15 0 0 -6.21725e-15 6.21725e-15 9 
-100 100 0 0 -100 100 9 
-100 100 0 0 -100 100 9 
100 -100 0 0 100 -100 9 
100 -100 0 0 100 -100 9 
64.55 -50 35.45 -50 100 -100 1 
-100 100 0 0 -100 100 9 
-63.7 63.7 163.7 -163.7 100 -100 1 
-81.8182 81.8182 -18.1818 18.1818 -100 100 6 
-92.5253 92.5253 -7.47475 7.47475 -100 100 4 
46.55 -46.55 53.45 -53.45 100 -100 1 
100 -100 0 0 100 -100 9 
100 -100 0 0 100 -100 9 
-100 100 0 0 -100 100 9 
-100 100 0 0 -100 100 9 
100 -100 0 0 100 -100 9 
-100 100 0 0 -100 100 9 
100 -100 0 0 100 -100 9 
100 -100 0 0 100 -100 9 
-100 100 0 0 -100 100 9 
100 -100 0 0 100 -100 9 
100 -100 0 0 100 -100 9 
-100 100 0 0 -100 100 9 
-100 100 0 0 -100 100 9 
100 -100 0 0 100 -100 9 
100 -100 0 0 100 -100 9 
-29.8 29.8 -70.2 70.2 -100 100 2 
-100 100 0 0 -100 100 9 
100 -100 0 0 100 -100 9 
100 -100 0 0 100 -100 9 
74.2 -50 25.8 -50 100 -100 1 
-100 100 0 0 -100 100 9 
35.15 -35.15 64.85 -64.85 100 -100 1 
-100 100 0 0 -100 100 9 
-100 100 0 0 -100 100 9 
100 -100 0 0 100 -100 9 
-100 100 0 0 -100 100 9 
-100 100 0 0 -100 100 9 
-100 100 0 0 -100 100 8 
100 -100 0 0 100 -100 9 
100 -100 0 0 100 -100 9 
100 -100 0 0 100 -100 9 
100 -100 0 0 100 -100 9 
100 -100 0 0 100 -100 9 
-100 100 0 0 -100 100 9 
100 -100 0 0 100 -100 9 
-100 100 0 0 -100 100 9 
-100 100 0 0 -100 100 9 
-100 100 0 0 -100 100 9 
-100 100 0 0 -100 100 8 
100 -100 0 0 100 -100 9 
-100 100 0 0 -100 100 8 
100 -100 0 0 100 -100 9 
-100 100 0 0 -100 100 9 
-100 100 0 0 -100 100 8 
-100 100 0 0 -100 100 9 
100 -100 0 0 100 -100 9 
100 -100 0 0 100 -100 9 
-100 100 0 0 -100 100 9 
-100 100 0 0 -100 100 9 
100 -100 0 0 100 -100 9 
-100 100 0 0 -100 100 9 
30.35 -30.35 69.65 -69.65 100 -100 1 
33.7 -33.7 66.3 -66.3 100 -100 1 
-100 100 0 0 -100 100 9 
42.75 -42.75 57.25 -57.25 100 -100 1 
100 -100 0 0 100 -100 9 
-100 100 0 0 -100 100 9 
100 -100 0 0 100 -100 9 
-100 100 0 0 -100 100 9 
-100 100 0 0 -100 100 9 
100 -100 0 0 100 -100 9 
-29.15 29.15 -70.85 70.85 -100 100 2 
77.35 -50 22.65 -50 100 -100 1 
100 -100 0 0 100 -100 9 
3.55271e-15 -3.55271e-15 0 0 3.55271e-15 -3.55271e-15 9 
-100 100 0 0 -100 100 9 
-100 100 0 0 -100 100 9 
100 -100 0 0 100 -100 9 
-100 100 0 0 -100 100 9 
-100 100 0 0 -100 100 9 
2.75 -2.75 97.25 -97.25 100 -100 1 
-100 100 0 0 -100 100 8 
100 -100 -200 200 -100 100 8 
100 -100 0 0 100 -100 9 
-100 100 0 0 -100 100 9 
100 -100 0 0 100 -100 9 
-100 100 0 0 -100 100 9 
100 -100 0 0 100 -100 9 
-68.1818 68.1818 -31.8182 31.8182 -100 100 6 
100 -100 0 0 100 -100 9 
-100 100 0 0 -100 100 9 
100 -100 0 0 100 -100 9 
100 -100 0 0 100 -100 9 
-100 100 0 0 -100 100 9 
100 -100 0 0 100 -100 9 
-100 100 0 0 -100 100 9 
32 -32 68 -68 100 -100 1 
-100 100 0 0 -100 100 8 
100 -100 0 0 100 -100 9 
-100 100 0 0 -100 100 9 
-100 100 0 0 -100 100 8 
100 -100 0 0 100 -100 9 
-100 100 0 0 -100 100 6 
-100 100 0 0 -100 100 9 
100 -100 0 0 100 -100 9 
1.42109e-14 -1.42109e-14 -100 100 -100 100 8 
100 -100 0 0 100 -100 9 
-100 100 0 0 -100 100 8 
-100 100 0 0 -100 100 9 
-100 100 0 0 -100 100 9 
100 -100 0 0 100 -100 9 
100 -100 0 0 100 -100 9 
100 -100 0 0 100 -100 9 
100 -100 0 0 100 -100 9 
100 -100 0 0 100 -100 9 
-100 100 0 0 -100 100 9 
-100 100 0 0 -100 100 9 
-100 100 0 0 -100 100 9 
100 -98 0 -2 100 -100 9 
100 -100 0 0 100 -100 9 
100 -100 0 0 100 -100 9 
-100 100 0 0 -100 100 9 
-100 100 0 0 -100 100 9 
-100 100 0 0 -100 100 9 
100 -100 0 0 100 -100 9 
-100 100 0 0 -100 100 8 
6.2 -6.2 93.8 -93.8 100 -100 1 
-100 100 0 0 -100 100 9 
100 -100 0 0 100 -100 9 
-100 100 0 0 -100 100 9 
-100 100 0 0 -100 100 9 
100 -100 0 0 100 -100 9 
-100 100 0 0 -100 100 9 
-100 100 0 0 -100 100 8 
100 -100 0 0 100 -100 9 
100 -100 0 0 100 -100 9 
100 -100 0 0 100 -100 9 
-100 100 0 0 -100 100 9 
100 -100 0 0 100 -100 9 
-100 100 0 0 -100 100 9 
100 -100 0 0 100 -100 9 
100 -100 0 0 100 -100 9 
100 -100 0 0 100 -100 9 
100 -100 0 0 100 -100 9 
-5.32907e-15 1.77636e-15 0 0 -5.32907e-15 1.77636e-15 9 
-100 100 0 0 -100 100 9 
100 -100 0 0 100 -100 9 
-100 100 0 0 -100 100 9 
100 -100 0 0 100 -100 9 
-100 100 0 0 -100 100 9 
-100 100 0 0 -100 100 9 
100 -100 0 0 100 -100 9 
100 -100 0 0 100 -100 9 
100 -100 0 0 100 -100 9 
-100 100 0 0 -100 100 9 
100 -100 0 0 100 -100 9 
2.66454e-15 -2.66454e-15 0 0 2.66454e-15 -2.66454e-15 9 
-100 100 0 0 -100 100 9 
-100 100 0 0 -100 100 9 
100 -100 0 0 100 -100 9 
-100 100 0 0 -100 100 9 
-100 100 0 0 -100 100 9 
-100 100 0 0 -100 100 9 
100 -100 0 0 100 -100 9 
-100 100 0 0 -100 100 9 
100 -100 0 0 100 -100 9 
100 -100 0 0 100 -100 9 
-100 100 0 0 -100 100 9 
100 -100 0 0 100 -100 9 
-100 100 0 0 -100 100 9 
-100 100 0 0 -100 100 9 
-100 100 0 0 -100 100 9 
-100 100 0 0 -100 100 9 
-100 100 0 0 -100 100 9 
12.1 -12.1 87.9 -87.9 100 -100 1 
-100 100 0 0 -100 100 8 
-100 100 0 0 -100 100 9 
-100 100 0 0 -100 100 9 
100 -100 0 0 100 -100 9 
-83.6364 83.6364 -16.3636 16.3636 -100 100 4 
-100 100 0 0 -100 100 9 
100 -100 0 0 100 -100 9 
100 -100 0 0 100 -100 9 
-100 100 0 0 -100 100 9 
-36 36 -64 64 -100 100 2 
100 -100 0 0 100 -100 9 
15 -15 85 -85 100 -100 1 
100 -100 0 0 100 -100 9 
100 -100 0 0 100 -100 9 
-100 100 0 0 -100 100 9 
-100 100 0 0 -100 100 9 
3.55271e-15 -3.55271e-15 0 0 3.55271e-15 -3.55271e-15 9 
-100 100 0 0 -100 100 9 
73.7 -50 26.3 -50 100 -100 1 
100 -100 0 0 100 -100 9 
100 -100 0 0 100 -100 9 
-2.7 2.7 102.7 -102.7 100 -100 1 
-35.75 35.75 -64.25 64.25 -100 100 2 
-100 100 0 0 -100 100 9 
45 -45 55 -55 100 -100 1 
100 -100 0 0 100 -100 9 
-100 100 0 0 -100 100 9 
-100 100 0 0 -100 100 9 
71.75 -50 28.25 -50 100 -100 1 
100 -100 -200 200 -100 100 8 
100 -100 0 0 100 -100 9 
-100 100 0 0 -100 100 9 
-100 100 0 0 -100 100 8 
100 -100 0 0 100 -100 9 
100 -100 0 0 100 -100 9 
100 -100 0 0 100 -100 9 
-100 100 0 0 -100 100 9 
-100 100 0 0 -100 100 9 
100 -100 0 0 100 -100 9 
-100 100 0 0 -100 100 9 
-100 100 0 0 -100 100 9 
100 -100 0 0 100 -100 9 
3.55271e-15 0 0 0 3.55271e-15 0 9 
100 -100 0 0 100 -100 9 
-100 100 0 0 -100 100 9 
100 -100 0 0 100 -100 9 
-100 100 0 0 -100 100 8 
-100 100 0 0 -100 100 9 
-100 100 0 0 -100 100 9 
-71.3 71.3 -28.7 28.7 -100 100 2 
-100 100 0 0 -100 100 9 
3.55271e-15 -3.55271e-15 0 0 3.55271e-15 -3.55271e-15 9 
-100 100 0 0 -100 100 9 
100 -100 0 0 100 -100 9 
100 -100 0 0 100 -100 9 
100 -100 0 0 100 -100 9 
-100 100 0 0 -100 100 9 
-100 100 0 0 -100 100 9 
-100 100 0 0 -100 100 9 
100 -100 0 0 100 -100 9 
100 -100 0 0 100 -100 9 
100 -100 0 0 100 -100 9 
1.42109e-14 1.42109e-14 -100 100 -100 100 8 
-100 100 0 0 -100 100 6 
100 -100 0 0 100 -100 9 
100 -100 0 0 100 -100 9 
-100 100 0 0 -100 100 9 
-100 100 0 0 -100 100 9 
-100 100 0 0 -100 100 9 
-100 100 0 0 -100 100 6 
-100 100 0 0 -100 100 8 
100 -100 0 0 100 -100 9 
-100 100 0 0 -100 100 9 
100 -100 0 0 100 -100 9 
100 -100 0 0 100 -100 9 
-100 100 0 0 -100 100 9 
-30.95 30.95 -69.05 69.05 -100 100 2 
100 -100 0 0 100 -100 9 
100 -100 0 0 100 -100 9 
9 -9 91 -91 100 -100 1 
0 0 -100 100 -100 100 8 
-100 100 0 0 -100 100 9 
100 -100 0 0 100 -100 9 
-100 100 0 0 -100 100 9 
100 -100 0 0 100 -100 9 
100 -100 0 0 100 -100 9 
-100 100 0 0 -100 100 9 
-100 100 0 0 -100 100 9 
-100 100 0 0 -100 100 9 
100 -100 0 0 100 -100 9 
100 -100 0 0 100 -100 9 
100 -100 0 0 100 -100 9 
-100 100 0 0 -100 100 6 
100 -100 0 0 100 -100 9 
-100 100 0 0 -100 100 9 
100 -100 0 0 100 -100 9 
-100 100 0 0 -100 100 8 
-100 100 0 0 -100 100 9 
100 -100 0 0 100 -100 9 
-33.85 33.85 -66.15 66.15 -100 100 2 
100 -100 0 0 100 -100 9 
-100 100 0 0 -100 100 9 
-100 100 0 0 -100 100 9 
100 -100 0 0 100 -100 9 
-100 100 0 0 -100 100 9 
100 -100 0 0 100 -100 9 
-100 100 0 0 -100 100 9 
100 -100 0 0 100 -100 9 
-100 100 0 0 -100 100 8 
-100 100 0 0 -100 100 9 
100 -100 0 0 100 -100 9 
-100 100 0 0 -100 100 9 
100 -100 0 0 100 -100 9 
100 -98.5 0 -1.5 100 -100 9 
100 -100 0 0 100 -100 9 
100 -100 0 0 100 -100 9 
-100 100 0 0 -100 100 9 
100 -100 0 0 100 -100 9 
1.77636e-15 -1.77636e-15 0 0 1.77636e-15 -1.77636e-15 9 
100 -100 0 0 100 -100 9 
-100 100 0 0 -100 100 9 
100 -100 0 0 100 -100 9 
-97.8788 97.8788 -2.12121 2.12121 -100 100 4 
100 -100 0 0 100 -100 9 
100 -100 0 0 100 -100 9 
100 -96.7 0 -3.3 100 -100 9 
58.4 -50 41.6 -50 100 -100 1 
-100 100 0 0 -100 100 9 
-100 100 0 0 -100 100 9 
100 -100 0 0 100 -100 9 
-100 100 0 0 -100 100 9 
100 -100 0 0 100 -100 9 
-100 100 0 0 -100 100 9 
-100 100 0 0 -100 100 9 
-100 100 0 0 -100 100 9 
-100 100 0 0 -100 100 9 
100 -98.1 0 -1.9 100 -100 9 
100 -100 0 0 100 -100 9 
-100 100 0 0 -100 100 9 
-100 100 0 0 -100 100 9 
-100 100 0 0 -100 100 8 
-100 100 0 0 -100 100 9 
-100 100 0 0 -100 100 9 
-100 100 0 0 -100 100 9 
100 -100 0 0 100 -100 9 
100 -100 0 0 100 -100 9 
-57.05 57.05 -42.95 42.95 -100 100 2 
-100 100 0 0 -100 100 9 
100 -100 0 0 100 -100 9 
100 -100 0 0 100 -100 9 
87.75 -50 12.25 -50 100 -100 1 
100 -100 0 0 100 -100 9 
100 -100 0 0 100 -100 9 
-100 100 0 0 -100 100 9 
-100 100 0 0 -100 100 9 
100 -100 0 0 100 -100 9 
100 -100 0 0 100 -100 9 
-100 100 0 0 -100 100 9 
100 -100 0 0 100 -100 9 
71.75 -50 28.25 -50 100 -100 1 
100 -100 0 0 100 -100 9 
-100 100 0 0 -100 100 9 
-100 100 0 0 -100 100 9 
100 -100 0 0 100 -100 9 
100 -100 0 0 100 -100 9 
0 -3.55271e-15 0 0 0 -3.55271e-15 9 
22.35 -22.35 77.65 -77.65 100 -100 1 
-94.6465 94.6465 -5.35354 5.35354 -100 100 4 
100 -100 0 0 100 -100 9 
100 -100 0 0 100 -100 9 
100 -100 0 0 100 -100 9 
-45.8586 45.8586 -54.1414 54.1414 -100 100 4 
-100 100 0 0 -100 100 9 
-100 100 0 0 -100 100 9 
-100 100 0 0 -100 100 9 
100 -100 0 0 100 -100 9 
-100 100 0 0 -100 100 9 
-100 100 0 0 -100 100 9 
-100 100 0 0 -100 100 9 
100 -100 0 0 100 -100 9 
-100 100 0 0 -100 100 8 
100 -100 0 0 100 -100 9 
100 -100 0 0 100 -100 9 
100 -100 0 0 100 -100 9 
0 0 -100 100 -100 100 8 
100 -100 0 0 100 -100 9 
-100 100 0 0 -100 100 9 
100 -100 0 0 100 -100 9 
-100 100 0 0 -100 100 9 
-100 100 0 0 -100 100 9 
100 -100 0 0 100 -100 9 
100 -100 0 0 100 -100 9 
100 -100 0 0 100 -100 9 
-100 100 0 0 -100 100 9 
-100 100 0 0 -100 100 8 
-61.35 61.35 161.35 -161.35 100 -100 1 
100 -100 0 0 100 -100 9 
100 -100 0 0 100 -100 9 
100 -100 0 0 100 -100 9 
100 -100 0 0 100 -100 9 
-100 100 0 0 -100 100 9 
100 -100 0 0 100 -100 9 
-100 100 0 0 -100 100 8 
100 -100 0 0 100 -100 9 
-26.15 26.15 -73.85 73.85 -100 100 2 
-100 100 0 0 -100 100 9 
-100 100 0 0 -100 100 9 
100 -100 0 0 100 -100 9 
100 -100 0 0 100 -100 9 
-31.75 31.75 -68.25 68.25 -100 100 2 
100 -100 0 0 100 -100 9 
-100 100 0 0 -100 100 8 
100 -100 0 0 100 -100 9 
-100 100 0 0 -100 100 9 
0 -3.55271e-15 0 0 0 -3.55271e-15 9 
100 -100 0 0 100 -100 9 
-100 100 0 0 -100 100 9 
100 -100 0 0 100 -100 9 
-100 100 0 0 -100 100 8 
-100 100 0 0 -100 100 9 
-100 100 0 0 -100 100 9 
100 -100 0 0 100 -100 9 
100 -100 0 0 100 -100 9 
100 -100 0 0 100 -100 9 
100 -100 0 0 100 -100 9 
100 -100 0 0 100 -100 9 
-1.42109e-14 1.42109e-14 -100 100 -100 100 8 
100 -100 -200 200 -100 100 8 
-100 100 0 0 -100 100 8 
100 -100 0 0 100 -100 9 
100 -100 0 0 100 -100 9 
-75.2 75.2 -24.8 24.8 -100 100 2 
-100 100 0 0 -100 100 9 
-100 100 0 0 -100 100 8 
-100 100 0 0 -100 100 8 
-100 100 0 0 -100 100 8 
-96.2626 96.2626 -3.73737 3.73737 -100 100 4 
100 -100 0 0 100 -100 9 
-100 100 0 0 -100 100 9 
100 -100 0 0 100 -100 9 
-100 100 0 0 -100 100 6 
-100 100 0 0 -100 100 9 
100 -100 0 0 100 -100 9 
-100 100 0 0 -100 100 9 
-100 100 0 0 -100 100 6 
-100 100 0 0 -100 100 9 
-100 100 0 0 -100 100 8 
-100 100 0 0 -100 100 9 
100 -100 0 0 100 -100 9 
-100 100 0 0 -100 100 9 
0 0 0 0 0 0 9 
100 -100 0 0 100 -100 9 
100 -100 0 0 100 -100 9 
100 -100 0 0 100 -100 9 
100 -100 0 0 100 -100 9 
100 -100 0 0 100 -100 9 
100 -100 0 0 100 -100 9 
100 -100 0 0 100 -100 9 
-100 100 0 0 -100 100 9 
100 -100 0 0 100 -100 9 
-100 100 0 0 -100 100 9 
100 -100 0 0 100 -100 9 
-100 100 0 0 -100 100 9 
-100 100 0 0 -100 100 9 
-100 100 0 0 -100 100 9 
100 -100 0 0 100 -100 9 
-100 100 0 0 -100 100 8 
100 -100 0 0 100 -100 9 
100 -100 0 0 100 -100 9 
100 -100 0 0 100 -100 9 
100 -100 0 0 100 -100 9 
-41.05 41.05 -58.95 58.95 -100 100 2 
100 -100 0 0 100 -100 9 
100 -96.8 0 -3.2 100 -100 9 
-68.1818 68.1818 -31.8182 31.8182 -100 100 6 
-100 100 0 0 -100 100 9 
100 -100 0 0 100 -100 9 
100 -100 0 0 100 -100 9 
-100 100 0 0 -100 100 6 
-100 100 0 0 -100 100 9 
-100 100 0 0 -100 100 8 
100 -100 0 0 100 -100 9 
100 -100 0 0 100 -100 9 
65.05 -50 34.95 -50 100 -100 1 
-100 100 0 0 -100 100 9 
100 -100 0 0 100 -100 9 
-100 100 0 0 -100 100 9 
100 -100 0 0 100 -100 9 
-100 100 0 0 -100 100 9 
100 -100 0 0 100 -100 9 
-100 100 0 0 -100 100 9 
-100 100 0 0 -100 100 9 
100 -100 0 0 100 -100 9 
100 -100 -200 200 -100 100 8 
100 -100 0 0 100 -100 9 
-100 100 0 0 -100 100 9 
-41.9 41.9 -58.1 58.1 -100 100 2 
-100 100 0 0 -100 100 9 
8.1 -8.1 91.9 -91.9 100 -100 1 
100 -100 0 0 100 -100 9 
-100 100 0 0 -100 100 9 
100 -100 0 0 100 -100 9 
-100 100 0 0 -100 100 9 
-100 100 0 0 -100 100 9 
-100 100 0 0 -100 100 8 
100 -100 0 0 100 -100 9 
-100 100 0 0 -100 100 9 
100 -100 0 0 100 -100 9 
5.4 -5.4 94.6 -94.6 100 -100 1 
-100 100 0 0 -100 100 9 
100 -100 0 0 100 -100 9 
-100 100 0 0 -100 100 9 
-100 100 0 0 -100 100 9 
-100 100 0 0 -100 100 9 
2.45 -2.45 97.55 -97.55 100 -100 1 
100 -100 0 0 100 -100 9 
100 -100 0 0 100 -100 9 
-100 100 0 0 -100 100 9 
-100 100 0 0 -100 100 9 
-100 100 0 0 -100 100 9 
-100 100 0 0 -100 100 9 
100 -100 0 0 100 -100 9 
100 -100 0 0 100 -100 9 
100 -100 0 0 100 -100 9 
72.75 -50 27.25 -50 100 -100 1 
100 -100 0 0 100 -100 9 
-100 100 0 0 -100 100 9 
100 -100 0 0 100 -100 9 
100 -100 0 0 100 -100 9 
100 -100 0 0 100 -100 9 
-100 100 0 0 -100 100 9 
100 -100 0 0 100 -100 9 
-100 100 0 0 -100 100 9 
-100 100 0 0 -100 100 9 
33 -33 67 -67 100 -100 1 
-100 100 0 0 -100 100 8 
100 -100 0 0 100 -100 9 
100 -100 0 0 100 -100 9 
100 -100 0 0 100 -100 9 
-100 100 0 0 -100 100 9 
-100 100 0 0 -100 100 9 
100 -100 0 0 100 -100 9 
100 -100 0 0 100 -100 9 
-100 100 0 0 -100 100 9 
100 -100 0 0 100 -100 9 
-100 100 0 0 -100 100 9 
-100 100 0 0 -100 100 9 
-100 100 0 0 -100 100 6 
100 -100 0 0 100 -100 9 
100 -100 0 0 100 -100 9 
100 -100 0 0 100 -100 9 
-100 100 0 0 -100 100 9 
0 0 -100 100 -100 100 8 
100 -100 0 0 100 -100 9 
-100 100 0 0 -100 100 9 
-100 100 0 0 -100 100 9 
100 -100 0 0 100 -100 9 
100 -100 0 0 100 -100 9 
100 -100 0 0 100 -100 9 
-100 100 0 0 -100 100 9 
3.1 -3.1 96.9 -96.9 100 -100 1 
100 -100 0 0 100 -100 9 
45.3 -45.3 54.7 -54.7 100 -100 1 
-100 100 0 0 -100 100 9 
-100 100 0 0 -100 100 9 
-100 100 0 0 -100 100 8 
100 -100 0 0 100 -100 9 
100 -100 0 0 100 -100 9 
8.3 -8.3 91.7 -91.7 100 -100 1 
7.10543e-15 -7.10543e-15 0 0 7.10543e-15 -7.10543e-15 9 
100 -100 0 0 100 -100 9 
-100 100 0 0 -100 100 8 
100 -100 0 0 100 -100 9 
-100 100 0 0 -100 100 9 
-100 105 0 -5 -100 100 9 
-100 100 0 0 -100 100 9 
100 -100 0 0 100 -100 9 
-100 100 0 0 -100 100 8 
-5.32907e-15 5.32907e-15 0 0 -5.32907e-15 5.32907e-15 9 
-53.2 53.2 -46.8 46.8 -100 100 2 
70.55 -50 29.45 -50 100 -100 1 
-100 100 0 0 -100 100 9 
-8.88178e-16 8.88178e-16 0 0 -8.88178e-16 8.88178e-16 9 
100 -100 0 0 100 -100 9 
-100 100 0 0 -100 100 9 
100 -100 0 0 100 -100 9 
-100 100 0 0 -100 100 6 
-100 100 0 0 -100 100 9 
-100 100 0 0 -100 100 9 
-100 100 0 0 -100 100 8 
-100 100 0 0 -100 100 9 
-100 100 0 0 -100 100 9 
100 -100 0 0 100 -100 9 
-100 100 0 0 -100 100 9 
100 -100 0 0 100 -100 9 
-100 100 0 0 -100 100 9 
90.65 -50 9.35 -50 100 -100 1 
100 -100 0 0 100 -100 9 
100 -100 0 0 100 -100 9 
100 -100 0 0 100 -100 9 
-100 100 0 0 -100 100 8 
-100 100 0 0 -100 100 9 
100 -100 0 0 100 -100 9 
-100 100 0 0 -100 100 9 
100 -100 0 0 100 -100 9 
-100 100 0 0 -100 100 9 
65 -50 35 -50 100 -100 1 
-100 100 0 0 -100 100 9 
100 -100 0 0 100 -100 9 
100 -100 0 0 100 -100 9 
100 -100 0 0 100 -100 9 
-100 100 0 0 -100 100 8 
-100 100 0 0 -100 100 9 
100 -100 0 0 100 -100 9 
-100 100 0 0 -100 100 9 
100 -100 0 0 100 -100 9 
-100 100 0 0 -100 100 9 
1.42109e-14 0 0 0 1.42109e-14 0 9 
-100 100 0 0 -100 100 6 
-6.21725e-15 6.21725e-15 0 0 -6.21725e-15 6.21725e-15 9 
100 -100 0 0 100 -100 9 
-100 100 0 0 -100 100 9 
-100 100 0 0 -100 100 9 
100 -100 0 0 100 -100 9 
100 -100 0 0 100 -100 9 
-100 100 0 0 -100 100 8 
-100 100 0 0 -100 100 9 
-100 100 0 0 -100 100 8 
-100 100 0 0 -100 100 9 
-7.10543e-15 7.10543e-15 0 0 -7.10543e-15 7.10543e-15 9 
100 -100 0 0 100 -100 9 
-100 100 0 0 -100 100 9 
-3.35 3.35 103.35 -103.35 100 -100 1 
42.6 -42.6 57.4 -57.4 100 -100 1 
100 -100 0 0 100 -100 9 
-100 100 0 0 -100 100 6 
100 -100 0 0 100 -100 9 
100 -100 0 0 100 -100 9 
100 -100 0 0 100 -100 9 
7.10543e-15 -7.10543e-15 0 0 7.10543e-15 -7.10543e-15 9 
-100 100 0 0 -100 100 9 
100 -100 0 0 100 -100 9 
-100 100 0 0 -100 100 9 
100 -100 0 0 100 -100 9 
-100 100 0 0 -100 100 8 
-99.798 99.798 -0.20202 0.20202 -100 100 4 
100 -100 0 0 100 -100 9 
-100 100 0 0 -100 100 9 
100 -100 0 0 100 -100 9 
100 -100 0 0 100 -100 9 
-100 100 0 0 -100 100 9 
100 -100 0 0 100 -100 9 
100 -100 0 0 100 -100 9 
-100 100 0 0 -100 100 6 
100 -100 0 0 100 -100 9 
100 -100 0 0 100 -100 9 
-100 100 0 0 -100 100 9 
100 -100 0 0 100 -100 9 
-100 100 0 0 -100 100 8 
-100 100 0 0 -100 100 9 
100 -100 0 0 100 -100 9 
-100 100 0 0 -100 100 9 
100 -100 0 0 100 -100 9 
100 -100 0 0 100 -100 9 
-100 100 0 0 -100 100 9 
-100 100 0 0 -100 100 9 
100 -100 0 0 100 -100 9 
100 -100 0 0 100 -100 9 
100 -100 0 0 100 -100 9 
100 -100 0 0 100 -100 9 
100 -100 0 0 100 -100 9 
-100 100 0 0 -100 100 9 
-100 100 0 0 -100 100 9 
100 -100 0 0 100 -100 9 
3.55271e-15 0 0 0 3.55271e-15 0 9 
100 -100 0 0 100 -100 9 
-100 100 0 0 -100 100 9 
-100 100 0 0 -100 100 9 
100 -100 0 0 100 -100 9 
-100 100 0 0 -100 100 9 
100 -100 0 0 100 -100 9 
100 -100 0 0 100 -100 9 
-100 100 0 0 -100 100 9 
100 -100 0 0 100 -100 9 
-43 43 -57 57 -100 100 2 
5.2 -5.2 94.8 -94.8 100 -100 1 
-100 100 0 0 -100 100 9 
100 -100 0 0 100 -100 9 
100 -100 0 0 100 -100 9 
-63.45 63.45 -36.55 36.55 -100 100 2 
-100 100 0 0 -100 100 9 
100 -100 0 0 100 -100 9 
-100 100 0 0 -100 100 9 
100 -100 0 0 100 -100 9 
-100 100 0 0 -100 100 9 
100 -100 0 0 100 -100 9 
-100 100 0 0 -100 100 9 
-100 100 0 0 -100 100 9 
100 -100 0 0 100 -100 9 
100 -100 0 0 100 -100 9 
-100 100 0 0 -100 100 9 
100 -100 0 0 100 -100 9 
-100 100 0 0 -100 100 9 
-100 100 0 0 -100 100 9 
100 -100 0 0 100 -100 9 
-100 100 0 0 -100 100 9 
-100 100 0 0 -100 100 9 
-100 100 0 0 -100 100 9 
-100 100 0 0 -100 100 9 
100 -100 0 0 100 -100 9 
-87.2 87.2 -12.8 12.8 -100 100 2 
100 -100 0 0 100 -100 9 
100 -100 0 0 100 -100 9 
-100 100 0 0 -100 100 6 
100 -100 0 0 100 -100 9 
-100 100 0 0 -100 100 9 
-100 100 0 0 -100 100 9 
-100 100 0 0 -100 100 9 
100 -100 0 0 100 -100 9 
100 -100 0 0 100 -100 9 
-63.6364 63.6364 -36.3636 36.3636 -100 100 6 
100 -100 0 0 100 -100 9 
100 -100 0 0 100 -100 9 
100 -100 0 0 100 -100 9 
-100 100 0 0 -100 100 9 
100 -100 0 0 100 -100 9 
-100 100 0 0 -100 100 8 
100 -100 0 0 100 -100 9 
100 -100 0 0 100 -100 9 
62.75 -50 37.25 -50 100 -100 1 
100 -100 0 0 100 -100 9 
100 -100 0 0 100 -100 9 
100 -98.65 0 -1.35 100 -100 9 
1.42109e-14 0 -100 100 -100 100 8 
100 -100 0 0 100 -100 9 
-50 50 -50 50 -100 100 6 
100 -100 0 0 100 -100 9 
100 -100 0 0 100 -100 9 
-93.1818 93.1818 -6.81818 6.81818 -100 100 6 
-61.95 61.95 -38.05 38.05 -100 100 2 
-100 100 0 0 -100 100 9 
-100 100 0 0 -100 100 9 
100 -100 0 0 100 -100 9 
-100 100 0 0 -100 100 9 
-100 100 0 0 -100 100 9 
-100 100 0 0 -100 100 9 
-35.8 35.8 -64.2 64.2 -100 100 2 
100 -100 0 0 100 -100 9 
100 -100 0 0 100 -100 9 
100 -100 0 0 100 -100 9 
100 -100 0 0 100 -100 9 
-100 100 0 0 -100 100 9 
-100 100 0 0 -100 100 9 
-100 100 0 0 -100 100 9 
-100 100 0 0 -100 100 9 
-33.25 33.25 -66.75 66.75 -100 100 2 
100 -100 0 0 100 -100 9 
47 -47 53 -53 100 -100 1 
100 -100 0 0 100 -100 9 
89.3 -50 10.7 -50 100 -100 1 
100 -100 0 0 100 -100 9 
-100 100 0 0 -100 100 9 
100 -100 0 0 100 -100 9 
100 -100 0 0 100 -100 9 
-100 100 0 0 -100 100 9 
-100 100 0 0 -100 100 9 
100 -100 0 0 100 -100 9 
5.77316e-15 5.32907e-15 0 0 5.77316e-15 5.32907e-15 9 
100 -100 0 0 100 -100 9 
100 -100 0 0 100 -100 9 
-100 100 0 0 -100 100 8 
100 -100 0 0 100 -100 9 
61.35 -50 38.65 -50 100 -100 1 
-100 100 0 0 -100 100 9 
100 -100 0 0 100 -100 9 
100 -100 0 0 100 -100 9 
100 -100 0 0 100 -100 9 
100 -100 0 0 100 -100 9 
-100 100 0 0 -100 100 9 
100 -100 0 0 100 -100 9 
1.42109e-14 0 0 0 1.42109e-14 0 9 
100 -100 0 0 100 -100 9 
-100 100 0 0 -100 100 9 
100 -100 0 0 100 -100 9 
-100 100 0 0 -100 100 9 
-100 100 0 0 -100 100 9 
100 -100 0 0 100 -100 9 
100 -100 0 0 100 -100 9 
100 -100 0 0 100 -100 9 
100 -100 0 0 100 -100 9 
34.9 -34.9 65.1 -65.1 100 -100 1