-75.9596 75.9596 175.96 -175.96 20100 19900 
-100 100 0 0 19900 20100 
3.0303 -3.0303 96.9697 -96.9697 20100 19900 
-100 100 0 0 19900 20100 
100 -100 0 0 20100 19900 
72.7273 -72.7273 27.2727 -27.2727 20100 19900 
-77.2727 77.2727 177.273 -177.273 20100 19900 
-100 100 0 0 19900 20100 
100 -100 0 0 20100 19900 
-73.7 73.7 -26.3 26.3 19900 20100 
-100 100 200 -200 20100 19900 
46.0606 -46.0606 53.9394 -53.9394 20100 19900 
4.14141 -4.14141 95.8586 -95.8586 20100 19900 
63.6364 -63.6364 36.3636 -36.3636 20100 19900 
-12.9293 12.9293 112.929 -112.929 20100 19900 
-100 100 0 0 19900 20100 
100 -100 0 0 20100 19900 
-100 100 0 0 19900 20100 
-52.0202 52.0202 152.02 -152.02 20100 19900 
23.3333 -23.3333 76.6667 -76.6667 20100 19900 
-72.7273 72.7273 172.727 -172.727 20100 19900 
54.8485 -54.8485 45.1515 -45.1515 20100 19900 
-5.32907e-15 5.32907e-15 0 0 20000 20000 
72.7273 -72.7273 27.2727 -27.2727 20100 19900 
-38.6364 38.6364 138.636 -138.636 20100 19900 
81.2121 -81.2121 18.7879 -18.7879 20100 19900 
100 -100 0 0 20100 19900 
-72.7273 72.7273 172.727 -172.727 20100 19900 
-100 100 0 0 19900 20100 
-100 102.1 200 -202.1 20100 19900 
-72.7273 72.7273 172.727 -172.727 20100 19900 
20.6 -20.6 79.4 -79.4 20100 19900 
-100 100 0 0 19900 20100 
86.3636 -86.3636 13.6364 -13.6364 20100 19900 
-100 100 0 0 19900 20100 
-100 100 200 -200 20100 19900 
3.55271e-15 -3.55271e-15 0 0 20000 20000 
61.8182 -61.8182 38.1818 -38.1818 20100 19900 
-100 100 0 0 19900 20100 
-100 100 0 0 19900 20100 
90.9091 -90.9091 9.09091 -9.09091 20100 19900 
-100 100 200 -200 20100 19900 
-100 100 200 -200 20100 19900 
-31.8182 31.8182 131.818 -131.818 20100 19900 
14.3434 -14.3434 85.6566 -85.6566 20100 19900 
-100 100 0 0 19900 20100 
-100 100 0 0 19900 20100 
100 -100 0 0 20100 19900 
49.2929 -49.2929 50.7071 -50.7071 20100 19900 
-100 100 0 0 19900 20100 
-100 100 200 -200 20100 19900 
35.1515 -35.1515 64.8485 -64.8485 20100 19900 
82.2222 -82.2222 17.7778 -17.7778 20100 19900 
-100 100 0 0 19900 20100 
100 -100 0 0 20100 19900 
91.5152 -91.5152 8.48485 -8.48485 20100 19900 
32.7 -32.7 67.3 -67.3 20100 19900 
90.5051 -90.5051 9.49495 -9.49495 20100 19900 
-70.4545 70.4545 170.455 -170.455 20100 19900 
100 -100 0 0 20100 19900 
-100 100 200 -200 20100 19900 
100 -100 0 0 20100 19900 
100 -100 0 0 20100 19900 
-77.2727 77.2727 177.273 -177.273 20100 19900 
63.6364 -63.6364 36.3636 -36.3636 20100 19900 
-100 100 200 -200 20100 19900 
-100 100 200 -200 20100 19900 
61.3636 -61.3636 38.6364 -38.6364 20100 19900 
73.1313 -73.1313 26.8687 -26.8687 20100 19900 
65.8586 -65.8586 34.1414 -34.1414 20100 19900 
100 -100 0 0 20100 19900 
-100 100 0 0 19900 20100 
15.2525 -15.2525 84.7475 -84.7475 20100 19900 
100 -100 0 0 20100 19900 
70.303 -70.303 29.697 -29.697 20100 19900 
36.3636 -36.3636 63.6364 -63.6364 20100 19900 
100 -100 0 0 20100 19900 
100 -100 0 0 20100 19900 
64.2424 -64.2424 35.7576 -35.7576 20100 19900 
60 -60 40 -40 20100 19900 
-36.3636 36.3636 136.364 -136.364 20100 19900 
100 -100 0 0 20100 19900 
100 -100 0 0 20100 19900 
-100 100 0 0 19900 20100 
59.0909 -59.0909 40.9091 -40.9091 20100 19900 
73.1313 -73.1313 26.8687 -26.8687 20100 19900 
-86.3636 86.3636 186.364 -186.364 20100 19900 
100 -100 0 0 20100 19900 
79.1919 -79.1919 20.8081 -20.8081 20100 19900 
-100 100 0 0 19900 20100 
-86.3636 86.3636 186.364 -186.364 20100 19900 
-100 100 0 0 19900 20100 
100 -100 0 0 20100 19900 
100 -94.8 0 -5.2 20100 19900 
45.4545 -45.4545 54.5455 -54.5455 20100 19900 
-100 100 0 0 19900 20100 
-100 100 0 0 19900 20100 
100 -100 0 0 20100 19900 
100 -100 0 0 20100 19900 
72.7273 -72.7273 27.2727 -27.2727 20100 19900 
-100 100 200 -200 20100 19900 
-100 100 0 0 19900 20100 
100 -100 0 0 20100 19900 
-70.4545 70.4545 170.455 -170.455 20100 19900 
99.0909 -99.0909 0.909091 -0.909091 20100 19900 
50 -50 50 -50 20100 19900 
-86.3636 86.3636 186.364 -186.364 20100 19900 
97.8788 -95.1788 2.12121 -4.82121 20100 19900 
-100 100 0 0 19900 20100 
-100 100 0 0 19900 20100 
72.7273 -72.7273 27.2727 -27.2727 20100 19900 
100 -100 0 0 20100 19900 
42.2222 -42.2222 57.7778 -57.7778 20100 19900 
-100 100 0 0 19900 20100 
-67.2818 68.1818 167.282 -168.182 20100 19900 
-100 100 0 0 19900 20100 
93.1818 -93.1818 6.81818 -6.81818 20100 19900 
100 -100 0 0 20100 19900 
100 -100 0 0 20100 19900 
100 -73.5 0 -26.5 20100 19900 
76.3636 -76.3636 23.6364 -23.6364 20100 19900 
-45.4545 45.4545 145.455 -145.455 20100 19900 
-82.4242 82.4242 182.424 -182.424 20100 19900 
100 -100 0 0 20100 19900 
-100 100 200 -200 20100 19900 
-86.3636 86.3636 186.364 -186.364 20100 19900 
100 -100 0 0 20100 19900 
68.0808 -68.0808 31.9192 -31.9192 20100 19900 
-54.5455 54.5455 154.545 -154.545 20100 19900 
68.1818 -68.1818 31.8182 -31.8182 20100 19900 
-50 57.9 -50 42.1 19900 20100 
-100 100 0 0 19900 20100 
23.0303 -23.0303 76.9697 -76.9697 20100 19900 
100 -100 0 0 20100 19900 
-99.1919 99.1919 199.192 -199.192 20100 19900 
-100 100 200 -200 20100 19900 
-77.2727 77.2727 177.273 -177.273 20100 19900 
100 -100 0 0 20100 19900 
-60.303 60.303 160.303 -160.303 20100 19900 
93.1818 -93.1818 6.81818 -6.81818 20100 19900 
-66.0606 66.0606 166.061 -166.061 20100 19900 
100 -100 0 0 20100 19900 
100 -100 0 0 20100 19900 
53.6364 -53.6364 46.3636 -46.3636 20100 19900 
86.3636 -86.3636 13.6364 -13.6364 20100 19900 
100 -100 0 0 20100 19900 
-46.7677 46.7677 146.768 -146.768 20100 19900 
18.5859 -18.5859 81.4141 -81.4141 20100 19900 
-65.9091 65.9091 165.909 -165.909 20100 19900 
80.404 -80.404 19.596 -19.596 20100 19900 
-54.5455 54.5455 154.545 -154.545 20100 19900 
-68.1818 68.1818 168.182 -168.182 20100 19900 
-100 100 0 0 19900 20100 
100 -100 0 0 20100 19900 
-60 60 160 -160 20100 19900 
100 -100 0 0 20100 19900 
100 -100 0 0 20100 19900 
100 -100 0 0 20100 19900 
-56.6667 56.6667 156.667 -156.667 20100 19900 
100 -95.2 0 -4.8 20100 19900 
-86.3636 86.3636 186.364 -186.364 20100 19900 
-72.7273 72.7273 172.727 -172.727 20100 19900 
-100 100 0 0 19900 20100 
-100 100 0 0 19900 20100 
-66.0606 66.0606 166.061 -166.061 20100 19900 
37.5758 -37.5758 62.4242 -62.4242 20100 19900 
-61.4141 61.4141 161.414 -161.414 20100 19900 
-100 100 0 0 19900 20100 
24.4444 -24.4444 75.5556 -75.5556 20100 19900 
-34.0909 34.0909 134.091 -134.091 20100 19900 
-93.1818 93.1818 -6.81818 6.81818 19900 20100 
-57.5758 57.5758 157.576 -157.576 20100 19900 
-86.3636 86.3636 186.364 -186.364 20100 19900 
-100 100 0 0 19900 20100 
100 -100 0 0 20100 19900 
65.9091 -65.9091 34.0909 -34.0909 20100 19900 
-70.7071 70.7071 170.707 -170.707 20100 19900 
100 -100 0 0 20100 19900 
72.7273 -72.7273 27.2727 -27.2727 20100 19900 
100 -100 0 0 20100 19900 
-100 100 0 0 19900 20100 
100 -94.4 0 -5.6 20100 19900 
100 -100 0 0 20100 19900 
100 -100 0 0 20100 19900 
-31.8 31.8 -68.2 68.2 19900 20100 
100 -100 0 0 20100 19900 
-35.4576 55.7576 135.458 -155.758 20100 19900 
-100 100 0 0 19900 20100 
68.1818 -68.1818 31.8182 -31.8182 20100 19900 
-100 100 200 -200 20100 19900 
100 -100 0 0 20100 19900 
-77.2727 77.2727 177.273 -177.273 20100 19900 
100 -100 0 0 20100 19900 
57.9798 -57.9798 42.0202 -42.0202 20100 19900 
86.3636 -86.3636 13.6364 -13.6364 20100 19900 
7.10543e-15 0 0 0 20000 20000 
-93.1818 93.1818 -6.81818 6.81818 19900 20100 
-99.1919 99.1919 -0.808081 0.808081 19900 20100 
56.0606 -56.0606 43.9394 -43.9394 20100 19900 
-65.5 65.5 -34.5 34.5 19900 20100 
-100 100 200 -200 20100 19900 
68.1818 -68.1818 31.8182 -31.8182 20100 19900 
72.7273 -72.7273 27.2727 -27.2727 20100 19900 
100 -100 0 0 20100 19900 
-72.7273 72.7273 172.727 -172.727 20100 19900 
72.7273 -72.7273 27.2727 -27.2727 20100 19900 
73.1313 -73.1313 26.8687 -26.8687 20100 19900 
100 -100 0 0 20100 19900 
-64.8485 64.8485 164.848 -164.848 20100 19900 
-100 100 0 0 19900 20100 
98.6869 -98.6869 1.31313 -1.31313 20100 19900 
-100 100 0 0 19900 20100 
-100 100 0 0 19900 20100 
-54.5455 54.5455 154.545 -154.545 20100 19900 
66 -66 34 -34 20100 19900 
-100 100 0 0 19900 20100 
-100 100 200 -200 20100 19900 
-100 100 0 0 19900 20100 
90.9091 -90.9091 9.09091 -9.09091 20100 19900 
100 -100 0 0 20100 19900 
7.10543e-15 -7.10543e-15 100 -100 20100 19900 
-100 100 0 0 19900 20100 
100 -100 0 0 20100 19900 
72.7273 -72.7273 27.2727 -27.2727 20100 19900 
100 -100 0 0 20100 19900 
27.2727 -27.2727 72.7273 -72.7273 20100 19900 
-72.7273 72.7273 172.727 -172.727 20100 19900 
72.7273 -72.7273 27.2727 -27.2727 20100 19900 
-72.7273 72.7273 172.727 -172.727 20100 19900 
50.101 -50.101 49.899 -49.899 20100 19900 
100 -100 0 0 20100 19900 
-37.9798 37.9798 137.98 -137.98 20100 19900 
22.7273 -22.7273 77.2727 -77.2727 20100 19900 
-100 100 0 0 19900 20100 
-100 100 0 0 19900 20100 
90.9091 -90.9091 9.09091 -9.09091 20100 19900 
-39.697 39.697 139.697 -139.697 20100 19900 
-100 100 0 0 19900 20100 
-100 100 0 0 19900 20100 
29.1 -29.1 70.9 -70.9 20100 19900 
71.9192 -71.9192 28.0808 -28.0808 20100 19900 
63.2323 -63.2323 36.7677 -36.7677 20100 19900 
23.0303 -23.0303 76.9697 -76.9697 20100 19900 
-100 100 200 -200 20100 19900 
-72.7273 72.7273 172.727 -172.727 20100 19900 
-81.8182 81.8182 181.818 -181.818 20100 19900 
100 -100 0 0 20100 19900 
1.77636e-15 -1.77636e-15 -100 100 19900 20100 
25.4 -25.4 74.6 -74.6 20100 19900 
-1.77636e-15 1.77636e-15 0 0 20000 20000 
100 -100 0 0 20100 19900 
52.2727 -52.2727 47.7273 -47.7273 20100 19900 
3.55271e-15 7.10543e-15 0 0 20000 20000 
96.9697 -96.9697 3.0303 -3.0303 20100 19900 
98.6869 -98.6869 1.31313 -1.31313 20100 19900 
100 -100 0 0 20100 19900 
64.5455 -64.5455 35.4545 -35.4545 20100 19900 
-100 100 200 -200 20100 19900 
100 -100 0 0 20100 19900 
100 -97.5 0 -2.5 20100 19900 
-100 100 0 0 19900 20100 
100 -100 0 0 20100 19900 
-100 100 0 0 19900 20100 
-100 100 0 0 19900 20100 
-63.2323 63.2323 163.232 -163.232 20100 19900 
-100 100 200 -200 20100 19900 
-50 64.4 -50 35.6 19900 20100 
100 -100 0 0 20100 19900 
67.8788 -67.8788 32.1212 -32.1212 20100 19900 
-90.9091 90.9091 190.909 -190.909 20100 19900 
-81.8182 81.8182 181.818 -181.818 20100 19900 
100 -100 0 0 20100 19900 
-100 100 0 0 19900 20100 
100 -100 0 0 20100 19900 
15.9091 -15.9091 84.0909 -84.0909 20100 19900 
-61.6162 61.6162 161.616 -161.616 20100 19900 
95.6566 -95.6566 4.34343 -4.34343 20100 19900 
-99.0909 99.0909 -0.909091 0.909091 19900 20100 
-100 100 200 -200 20100 19900 
100 -100 0 0 20100 19900 
100 -100 0 0 20100 19900 
-100 100 0 0 19900 20100 
-27.8788 27.8788 127.879 -127.879 20100 19900 
-64.8485 64.8485 164.848 -164.848 20100 19900 
90.5051 -90.5051 9.49495 -9.49495 20100 19900 
100 -100 0 0 20100 19900 
100 -100 0 0 20100 19900 
58.0808 -48.0808 41.9192 -51.9192 20100 19900 
62.1212 -62.1212 37.8788 -37.8788 20100 19900 
-100 100 0 0 19900 20100 
-36.3636 36.3636 136.364 -136.364 20100 19900 
55.3535 -55.3535 44.6465 -44.6465 20100 19900 
84.2424 -84.2424 15.7576 -15.7576 20100 19900 
-100 100 200 -200 20100 19900 
100 -100 0 0 20100 19900 
27.2727 -27.2727 72.7273 -72.7273 20100 19900 
-100 100 200 -200 20100 19900 
-100 100 0 0 19900 20100 
-100 100 0 0 19900 20100 
-75 75 175 -175 20100 19900 
100 -100 0 0 20100 19900 
-100 100 0 0 19900 20100 
-82.4242 82.4242 182.424 -182.424 20100 19900 
-54.5455 54.5455 154.545 -154.545 20100 19900 
100 -100 0 0 20100 19900 
100 -100 0 0 20100 19900 
-41.4 41.4 -58.6 58.6 19900 20100 
100 -100 0 0 20100 19900 
53.6364 -53.6364 46.3636 -46.3636 20100 19900 
-100 100 200 -200 20100 19900 
66.4646 -66.4646 33.5354 -33.5354 20100 19900 
-58.4848 58.4848 158.485 -158.485 20100 19900 
100 -100 0 0 20100 19900 
-100 100 200 -200 20100 19900 
39.3939 -39.3939 60.6061 -60.6061 20100 19900 
63.3333 -63.3333 36.6667 -36.6667 20100 19900 
100 -100 0 0 20100 19900 
-38.0808 38.0808 138.081 -138.081 20100 19900 
-57.0707 57.0707 157.071 -157.071 20100 19900 
100 -98 0 -2 20100 19900 
5.45455 -5.45455 94.5455 -94.5455 20100 19900 
87.2727 -87.2727 12.7273 -12.7273 20100 19900 
-90.9091 90.9091 190.909 -190.909 20100 19900 
100 -100 0 0 20100 19900 
-82.4242 82.4242 182.424 -182.424 20100 19900 
-75 75 -25 25 19900 20100 
100 -100 0 0 20100 19900 
-77.2727 77.2727 177.273 -177.273 20100 19900 
96.3636 -96.3636 3.63636 -3.63636 20100 19900 
86.3636 -86.3636 13.6364 -13.6364 20100 19900 
100 -100 0 0 20100 19900 
60 -44.7 40 -55.3 20100 19900 
-100 100 200 -200 20100 19900 
100 -100 0 0 20100 19900 
78.1 -78.1 21.9 -21.9 20100 19900 
-81.8182 81.8182 181.818 -181.818 20100 19900 
69.3818 -68.1818 30.6182 -31.8182 20100 19900 
47.9798 -47.9798 52.0202 -52.0202 20100 19900 
-61.0101 61.0101 161.01 -161.01 20100 19900 
0 0 0 0 20000 20000 
0 0 100 -100 20100 19900 
100 -100 0 0 20100 19900 
-100 100 200 -200 20100 19900 
-100 100 200 -200 20100 19900 
13.5354 -13.5354 86.4646 -86.4646 20100 19900 
44.2424 -44.2424 55.7576 -55.7576 20100 19900 
65.9091 -65.9091 34.0909 -34.0909 20100 19900 
100 -98 0 -2 20100 19900 
-100 100 0 0 19900 20100 
100 -100 0 0 20100 19900 
63.4343 -63.4343 36.5657 -36.5657 20100 19900 
-39.899 39.899 139.899 -139.899 20100 19900 
100 -100 0 0 20100 19900 
100 -100 0 0 20100 19900 
87.0707 -87.0707 12.9293 -12.9293 20100 19900 
-100 100 0 0 19900 20100 
100 -100 0 0 20100 19900 
-100 100 200 -200 20100 19900 
-54.5455 54.5455 154.545 -154.545 20100 19900 
-41.1111 41.1111 141.111 -141.111 20100 19900 
50 -50 50 -50 20100 19900 
-100 100 200 -200 20100 19900 
26.2626 -26.2626 73.7374 -73.7374 20100 19900 
23.0303 -23.0303 76.9697 -76.9697 20100 19900 
100 -100 0 0 20100 19900 
100 -100 0 0 20100 19900 
100 -100 0 0 20100 19900 
-100 100 0 0 19900 20100 
100 -100 0 0 20100 19900 
72.7273 -72.7273 27.2727 -27.2727 20100 19900 
100 -100 0 0 20100 19900 
21.2121 -21.2121 78.7879 -78.7879 20100 19900 
-100 100 200 -200 20100 19900 
-100 100 0 0 19900 20100 
-100 100 0 0 19900 20100 
100 -100 0 0 20100 19900 
100 -100 0 0 20100 19900 
-100 100 0 0 19900 20100 
54.3434 -54.3434 45.6566 -45.6566 20100 19900 
-100 100 200 -200 20100 19900 
100 -100 0 0 20100 19900 
-100 100 200 -200 20100 19900 
-100 100 0 0 19900 20100 
-100 100 0 0 19900 20100 
30.6 -30.6 69.4 -69.4 20100 19900 
-100 100 200 -200 20100 19900 
47.7273 -47.7273 52.2727 -52.2727 20100 19900 
86.3636 -86.3636 13.6364 -13.6364 20100 19900 
-59.0909 59.0909 159.091 -159.091 20100 19900 
-100 100 200 -200 20100 19900 
44.2424 -44.2424 55.7576 -55.7576 20100 19900 
54.5455 -54.5455 45.4545 -45.4545 20100 19900 
-50 50 150 -150 20100 19900 
-37.2 37.2 -62.8 62.8 19900 20100 
-100 100 0 0 19900 20100 
-98.7879 98.7879 198.788 -198.788 20100 19900 
92.9293 -92.9293 7.07071 -7.07071 20100 19900 
1.42109e-14 0 -100 100 19900 20100 
100 -100 0 0 20100 19900 
-100 100 0 0 19900 20100 
27.2727 -27.2727 72.7273 -72.7273 20100 19900 
58.3838 -58.3838 41.6162 -41.6162 20100 19900 
60.6061 -60.6061 39.3939 -39.3939 20100 19900 
-48.7879 48.7879 148.788 -148.788 20100 19900 
-76.4646 76.4646 176.465 -176.465 20100 19900 
-100 100 200 -200 20100 19900 
77.2727 -77.2727 22.7273 -22.7273 20100 19900 
100 -100 0 0 20100 19900 
-100 100 0 0 19900 20100 
-100 100 0 0 19900 20100 
52.9293 -52.9293 47.0707 -47.0707 20100 19900 
100 -100 0 0 20100 19900 
63.6364 -63.6364 36.3636 -36.3636 20100 19900 
100 -100 0 0 20100 19900 
-15.5 15.5 -84.5 84.5 19900 20100 
-100 100 0 0 19900 20100 
100 -100 0 0 20100 19900 
25.3 -25.3 74.7 -74.7 20100 19900 
74.5455 -74.5455 25.4545 -25.4545 20100 19900 
42.6263 -42.6263 57.3737 -57.3737 20100 19900 
-96.4646 96.4646 196.465 -196.465 20100 19900 
86.3636 -86.3636 13.6364 -13.6364 20100 19900 
46.0606 -46.0606 53.9394 -53.9394 20100 19900 
-54.5455 54.5455 154.545 -154.545 20100 19900 
-99.697 99.697 199.697 -199.697 20100 19900 
100 -100 0 0 20100 19900 
93.7374 -93.7374 6.26263 -6.26263 20100 19900 
-61.5152 61.5152 161.515 -161.515 20100 19900 
-81.8182 81.8182 181.818 -181.818 20100 19900 
-100 100 0 0 19900 20100 
64.6465 -64.6465 35.3535 -35.3535 20100 19900 
66.0606 -66.0606 33.9394 -33.9394 20100 19900 
59.4949 -59.4949 40.5051 -40.5051 20100 19900 
100 -100 0 0 20100 19900 
-72.7273 72.7273 172.727 -172.727 20100 19900 
55.7576 -55.7576 44.2424 -44.2424 20100 19900 
7.10543e-15 -7.10543e-15 0 0 20000 20000 
82.2222 -82.2222 17.7778 -17.7778 20100 19900 
100 -100 0 0 20100 19900 
-100 100 0 0 19900 20100 
-54.5455 54.5455 154.545 -154.545 20100 19900 
-100 100 0 0 19900 20100 
48.7879 -48.7879 51.2121 -51.2121 20100 19900 
-100 100 200 -200 20100 19900 
-31.8182 31.8182 131.818 -131.818 20100 19900 
-100 100 200 -200 20100 19900 
100 -100 0 0 20100 19900 
-81.8182 81.8182 181.818 -181.818 20100 19900 
35.1515 -35.1515 64.8485 -64.8485 20100 19900 
-66.0606 66.0606 166.061 -166.061 20100 19900 
-61.4141 61.4141 161.414 -161.414 20100 19900 
100 -60.4 0 -39.6 20100 19900 
59.596 -59.596 40.404 -40.404 20100 19900 
47.4747 -47.4747 52.5253 -52.5253 20100 19900 
-86.3636 86.3636 186.364 -186.364 20100 19900 
-100 100 0 0 19900 20100 
-72.7273 72.7273 172.727 -172.727 20100 19900 
-63.2323 63.2323 163.232 -163.232 20100 19900 
-100 100 0 0 19900 20100 
100 -100 0 0 20100 19900 
-100 100 200 -200 20100 19900 
100 -100 0 0 20100 19900 
36.6667 -36.6667 63.3333 -63.3333 20100 19900 
100 -100 0 0 20100 19900 
77.2727 -77.2727 22.7273 -22.7273 20100 19900 
-100 100 0 0 19900 20100 
33.1313 -33.1313 66.8687 -66.8687 20100 19900 
-100 100 0 0 19900 20100 
72.7273 -72.7273 27.2727 -27.2727 20100 19900 
-72.7273 72.7273 172.727 -172.727 20100 19900 
-100 100 0 0 19900 20100 
55.7576 -55.7576 44.2424 -44.2424 20100 19900 
-74.3434 74.3434 174.343 -174.343 20100 19900 
-74.3434 74.3434 174.343 -174.343 20100 19900 
-100 100 200 -200 20100 19900 
48.9899 -48.9899 51.0101 -51.0101 20100 19900 
83.3333 -83.3333 16.6667 -16.6667 20100 19900 
-14.7475 14.7475 114.747 -114.747 20100 19900 
-100 100 0 0 19900 20100 
100 -100 0 0 20100 19900 
3.55271e-15 -3.55271e-15 100 -100 20100 19900 
-53.5354 53.5354 153.535 -153.535 20100 19900 
-77.2727 77.2727 177.273 -177.273 20100 19900 
-77.2727 77.2727 177.273 -177.273 20100 19900 
100 -100 0 0 20100 19900 
-100 100 0 0 19900 20100 
-100 100 0 0 19900 20100 
-81.8182 81.8182 181.818 -181.818 20100 19900 
69.697 -69.697 30.303 -30.303 20100 19900 
-50 50 150 -150 20100 19900 
61.6162 -61.6162 38.3838 -38.3838 20100 19900 
-100 100 200 -200 20100 19900 
50 -50 50 -50 20100 19900 
-72.7273 72.7273 172.727 -172.727 20100 19900 
58.4848 -58.4848 41.5152 -41.5152 20100 19900 
-60 60 160 -160 20100 19900 
59.596 -59.596 40.404 -40.404 20100 19900 
-93.3333 93.3333 193.333 -193.333 20100 19900 
69.8 -69.8 30.2 -30.2 20100 19900 
-100 100 0 0 19900 20100 
-40.9091 40.9091 140.909 -140.909 20100 19900 
-49.2 49.2 -50.8 50.8 19900 20100 
-100 100 0 0 19900 20100 
92.5253 -67.0253 7.47475 -32.9747 20100 19900 
-100 100 200 -200 20100 19900 
-93.1818 93.1818 -6.81818 6.81818 19900 20100 
50 -50 50 -50 20100 19900 
92.1212 -80.1212 7.87879 -19.8788 20100 19900 
-100 100 0 0 19900 20100 
100 -100 0 0 20100 19900 
45.6566 -45.6566 54.3434 -54.3434 20100 19900 
-44.3434 44.3434 144.343 -144.343 20100 19900 
64.9495 -64.9495 35.0505 -35.0505 20100 19900 
90.303 -72.703 9.69697 -27.297 20100 19900 
91.3131 -91.3131 8.68687 -8.68687 20100 19900 
100 -100 0 0 20100 19900 
48.3838 -48.3838 51.6162 -51.6162 20100 19900 
-63.2323 63.2323 163.232 -163.232 20100 19900 
-0.20202 0.20202 100.202 -100.202 20100 19900 
-84.2424 84.2424 184.242 -184.242 20100 19900 
-63.6364 63.6364 163.636 -163.636 20100 19900 
-81.8182 81.8182 181.818 -181.818 20100 19900 
100 -100 0 0 20100 19900 
59.0909 -57.7909 40.9091 -42.2091 20100 19900 
-37.1717 37.1717 137.172 -137.172 20100 19900 
100 -100 0 0 20100 19900 
-100 100 0 0 19900 20100 
100 -100 0 0 20100 19900 
-36.3636 36.3636 136.364 -136.364 20100 19900 
-100 100 200 -200 20100 19900 
-59.596 59.596 159.596 -159.596 20100 19900 
100 -100 0 0 20100 19900 
52.7273 -52.7273 47.2727 -47.2727 20100 19900 
-100 100 200 -200 20100 19900 
82.4242 -82.4242 17.5758 -17.5758 20100 19900 
-34 34 -66 66 19900 20100 
-60 60 160 -160 20100 19900 
55.7576 -55.7576 44.2424 -44.2424 20100 19900 
-100 100 200 -200 20100 19900 
100 -100 0 0 20100 19900 
100 -100 0 0 20100 19900 
0 -1.77636e-15 100 -100 20100 19900 
32.2 -32.2 67.8 -67.8 20100 19900 
-100 100 0 0 19900 20100 
-100 100 0 0 19900 20100 
100 -100 0 0 20100 19900 
-100 100 0 0 19900 20100 
100 -100 0 0 20100 19900 
-100 100 200 -200 20100 19900 
-86.3636 86.3636 186.364 -186.364 20100 19900 
-79.798 79.798 179.798 -179.798 20100 19900 
100 -100 0 0 20100 19900 
86.3636 -86.3636 13.6364 -13.6364 20100 19900 
-86.3636 86.3636 186.364 -186.364 20100 19900 
50.7 -50 49.3 -50 20100 19900 
100 -100 0 0 20100 19900 
54.5455 -54.5455 45.4545 -45.4545 20100 19900 
74.3434 -74.3434 25.6566 -25.6566 20100 19900 
100 -100 0 0 20100 19900 
90.9091 -90.9091 9.09091 -9.09091 20100 19900 
100 -100 0 0 20100 19900 
-78.3838 78.3838 178.384 -178.384 20100 19900 
48.0808 -48.0808 51.9192 -51.9192 20100 19900 
100 -100 0 0 20100 19900 
100 -100 0 0 20100 19900 
100 -100 0 0 20100 19900 
-100 100 200 -200 20100 19900 
-100 100 0 0 19900 20100 
100 -100 0 0 20100 19900 
68.2828 -68.2828 31.7172 -31.7172 20100 19900 
100 -100 0 0 20100 19900 
-100 100 200 -200 20100 19900 
90.5051 -90.5051 9.49495 -9.49495 20100 19900 
-72.7273 72.7273 172.727 -172.727 20100 19900 
69.697 -69.697 30.303 -30.303 20100 19900 
0 0 100 -100 20100 19900 
-100 100 0 0 19900 20100 
-26.5657 26.5657 126.566 -126.566 20100 19900 
64.6465 -64.6465 35.3535 -35.3535 20100 19900 
-14.3434 14.3434 114.343 -114.343 20100 19900 
-65.9091 65.9091 165.909 -165.909 20100 19900 
-92.6263 92.6263 192.626 -192.626 20100 19900 
100 -100 0 0 20100 19900 
100 -100 0 0 20100 19900 
-81.8182 81.8182 181.818 -181.818 20100 19900 
40.202 -40.202 59.798 -59.798 20100 19900 
59.0909 -59.0909 40.9091 -40.9091 20100 19900 
81.8182 -81.8182 18.1818 -18.1818 20100 19900 
-62.4242 62.4242 162.424 -162.424 20100 19900 
22.0202 -22.0202 77.9798 -77.9798 20100 19900 
76.1616 -76.1616 23.8384 -23.8384 20100 19900 
-100 100 200 -200 20100 19900 
54.5455 -54.5455 45.4545 -45.4545 20100 19900 
74.9495 -74.9495 25.0505 -25.0505 20100 19900 
100 -100 0 0 20100 19900 
68.1818 -68.1818 31.8182 -31.8182 20100 19900 
91.3131 -91.3131 8.68687 -8.68687 20100 19900 
41.8182 -41.8182 58.1818 -58.1818 20100 19900 
-100 100 0 0 19900 20100 
-63.6364 63.6364 163.636 -163.636 20100 19900 
63.6364 -63.6364 36.3636 -36.3636 20100 19900 
-100 100 0 0 19900 20100 
100 -100 0 0 20100 19900 
-100 100 0 0 19900 20100 
-100 100 0 0 19900 20100 
54.1414 -54.1414 45.8586 -45.8586 20100 19900 
-98.7879 98.7879 198.788 -198.788 20100 19900 
-54.5455 54.5455 154.545 -154.545 20100 19900 
-67.0707 67.0707 167.071 -167.071 20100 19900 
72.7273 -72.7273 27.2727 -27.2727 20100 19900 
100 -100 0 0 20100 19900 
-72.7273 72.7273 172.727 -172.727 20100 19900 
-3.55271e-15 3.55271e-15 0 0 20000 20000 
-100 100 0 0 19900 20100 
59.0909 -59.0909 40.9091 -40.9091 20100 19900 
-100 100 0 0 19900 20100 
100 -100 0 0 20100 19900 
53.6364 -53.6364 46.3636 -46.3636 20100 19900 
72.7273 -72.7273 27.2727 -27.2727 20100 19900 
-100 100 0 0 19900 20100 
-36.3636 36.3636 136.364 -136.364 20100 19900 
-100 100 0 0 19900 20100 
82.4242 -82.4242 17.5758 -17.5758 20100 19900 
60.8081 -60.8081 39.1919 -39.1919 20100 19900 
69.0909 -69.0909 30.9091 -30.9091 20100 19900 
54.9495 -54.9495 45.0505 -45.0505 20100 19900 
-100 100 0 0 19900 20100 
-72.7273 72.7273 -27.2727 27.2727 19900 20100 
65.2525 -65.2525 34.7475 -34.7475 20100 19900 
100 -100 0 0 20100 19900 
75 -75 25 -25 20100 19900 
-100 100 200 -200 20100 19900 
100 -100 0 0 20100 19900 
100 -100 0 0 20100 19900 
-100 100 0 0 19900 20100 
-99.0909 99.0909 -0.909091 0.909091 19900 20100 
100 -100 0 0 20100 19900 
-86.3636 86.3636 186.364 -186.364 20100 19900 
86.3636 -86.3636 13.6364 -13.6364 20100 19900 
81.8182 -81.8182 18.1818 -18.1818 20100 19900 
100 -100 0 0 20100 19900 
21.4 -21.4 78.6 -78.6 20100 19900 
49.0909 -49.0909 50.9091 -50.9091 20100 19900 
-86.3636 86.3636 -13.6364 13.6364 19900 20100 
72.7273 -72.7273 27.2727 -27.2727 20100 19900 
-100 100 0 0 19900 20100 
45.4545 -45.4545 54.5455 -54.5455 20100 19900 
-27.2727 27.2727 127.273 -127.273 20100 19900 
1.42109e-14 0 100 -100 20100 19900 
-100 100 200 -200 20100 19900 
-100 100 0 0 19900 20100 
-78.8889 78.8889 178.889 -178.889 20100 19900 
100.2 -100 -0.2 0 20100 19900 
80 -80 20 -20 20100 19900 
-100 100 0 0 19900 20100 
100 -100 0 0 20100 19900 
-100 100 200 -200 20100 19900 
-86.3636 86.3636 186.364 -186.364 20100 19900 
-100 100 200 -200 20100 19900 
-51.0101 51.0101 151.01 -151.01 20100 19900 
73.1313 -73.1313 26.8687 -26.8687 20100 19900 
-95.4545 95.4545 195.455 -195.455 20100 19900 
72.7273 -72.7273 27.2727 -27.2727 20100 19900 
100 -100 0 0 20100 19900 
72.7273 -72.7273 27.2727 -27.2727 20100 19900 
-100 100 200 -200 20100 19900 
100 -100 0 0 20100 19900 
-100 100 200 -200 20100 19900 
59.0909 -59.0909 40.9091 -40.9091 20100 19900 
100 -96.3 0 -3.7 20100 19900 
-100 100 200 -200 20100 19900 
-100 100 200 -200 20100 19900 
75 -75 25 -25 20100 19900 
-33.7374 33.7374 133.737 -133.737 20100 19900 
-72.7273 72.7273 172.727 -172.727 20100 19900 
100 -100 0 0 20100 19900 
-97.7778 97.7778 197.778 -197.778 20100 19900 
100 -100 0 0 20100 19900 
-50 50 150 -150 20100 19900 
27.2727 -27.2727 72.7273 -72.7273 20100 19900 
-56.5657 56.5657 156.566 -156.566 20100 19900 
-72.7273 72.7273 172.727 -172.727 20100 19900 
59.0909 -59.0909 40.9091 -40.9091 20100 19900 
-100 100 0 0 19900 20100 
-71.9192 71.9192 171.919 -171.919 20100 19900 
-100 100 0 0 19900 20100 
-56.7677 56.7677 156.768 -156.768 20100 19900 
36.5 -36.5 63.5 -63.5 20100 19900 
-50.8081 50.8081 150.808 -150.808 20100 19900 
0 0 100 -100 20100 19900 
100 -100 0 0 20100 19900 
-100 100 200 -200 20100 19900 
100 -100 0 0 20100 19900 
-99.798 99.798 199.798 -199.798 20100 19900 
72.7273 -72.7273 27.2727 -27.2727 20100 19900 
-48.7879 48.7879 148.788 -148.788 20100 19900 
76.3192 -71.9192 23.6808 -28.0808 20100 19900 
93.1818 -93.1818 6.81818 -6.81818 20100 19900 
-100 100 0 0 19900 20100 
-100 100 200 -200 20100 19900 
48.7879 -48.7879 51.2121 -51.2121 20100 19900 
-7.27273 7.27273 107.273 -107.273 20100 19900 
26.2626 -26.2626 73.7374 -73.7374 20100 19900 
-41.9192 41.9192 141.919 -141.919 20100 19900 
36.3636 -36.3636 63.6364 -63.6364 20100 19900 
-100 100 200 -200 20100 19900 
-34.5 34.5 -65.5 65.5 19900 20100 
-5.32907e-15 5.32907e-15 100 -100 20100 19900 
90.9091 -90.9091 9.09091 -9.09091 20100 19900 
-100 100 0 0 19900 20100 
-97.7 100 -2.3 0 19900 20100 
-100 100 200 -200 20100 19900 
-52.2727 52.2727 152.273 -152.273 20100 19900 
-100 100 0 0 19900 20100 
-57.2727 57.2727 157.273 -157.273 20100 19900 
-100 100 0 0 19900 20100 
35.5556 -35.5556 64.4444 -64.4444 20100 19900 
-72.7273 72.7273 172.727 -172.727 20100 19900 
100 -100 0 0 20100 19900 
96.7677 -96.7677 3.23232 -3.23232 20100 19900 
64.8485 -64.8485 35.1515 -35.1515 20100 19900 
100 -100 0 0 20100 19900 
100 -100 0 0 20100 19900 
-54.5455 54.5455 154.545 -154.545 20100 19900 
-100 100 0 0 19900 20100 
7.10543e-15 -3.55271e-15 0 0 20000 20000 
54.5455 -54.5455 45.4545 -45.4545 20100 19900 
-100 100 200 -200 20100 19900 
74.5455 -74.5455 25.4545 -25.4545 20100 19900 
100 -100 0 0 20100 19900 
43.9 -43.9 56.1 -56.1 20100 19900 
-100 100 0 0 19900 20100 
32.1212 -32.1212 67.8788 -67.8788 20100 19900 
8.88178e-16 -8.88178e-16 100 -100 20100 19900 
72.7273 -72.7273 27.2727 -27.2727 20100 19900 
72.7273 -72.7273 27.2727 -27.2727 20100 19900 
100 -100 0 0 20100 19900 
58.4848 -58.4848 41.5152 -41.5152 20100 19900 
45.4545 -45.4545 54.5455 -54.5455 20100 19900 
98.4848 -98.4848 1.51515 -1.51515 20100 19900 
100 -100 0 0 20100 19900 
-100 100 0 0 19900 20100 
83.6364 -83.6364 16.3636 -16.3636 20100 19900 
3.55271e-15 -3.55271e-15 0 0 20000 20000 
-100 100 0 0 19900 20100 
-67.7778 67.7778 167.778 -167.778 20100 19900 
24.4444 -24.4444 75.5556 -75.5556 20100 19900 
-90.9091 90.9091 190.909 -190.909 20100 19900 
-100 100 200 -200 20100 19900 
-50.303 50.303 150.303 -150.303 20100 19900 
-40 40 140 -140 20100 19900 
-100 100 0 0 19900 20100 
-63.2323 63.2323 163.232 -163.232 20100 19900 
87.2727 -87.2727 12.7273 -12.7273 20100 19900 
100 -100 0 0 20100 19900 
-100 100 0 0 19900 20100 
-54.5455 54.5455 154.545 -154.545 20100 19900 
42.9293 -42.9293 57.0707 -57.0707 20100 19900 
-86.3636 86.3636 186.364 -186.364 20100 19900 
-75 75 175 -175 20100 19900 
-72.7273 72.7273 172.727 -172.727 20100 19900 
-100 100 200 -200 20100 19900 
70.7071 -70.7071 29.2929 -29.2929 20100 19900 
0 1.42109e-14 100 -100 20100 19900 
-100 100 0 0 19900 20100 
100 -100 -200 200 19900 20100 
34.1414 -34.1414 65.8586 -65.8586 20100 19900 
2.12121 -2.12121 97.8788 -97.8788 20100 19900 
50.101 -50.101 49.899 -49.899 20100 19900 
72.7273 -72.7273 27.2727 -27.2727 20100 19900 
-50.303 50.303 150.303 -150.303 20100 19900 
43.7 -43.7 56.3 -56.3 20100 19900 
-100 100 0 0 19900 20100 
-99.2929 99.2929 199.293 -199.293 20100 19900 
100 -100 0 0 20100 19900 
-100 100 200 -200 20100 19900 
-100 100 200 -200 20100 19900 
95.4545 -61.1545 4.54545 -38.8455 20100 19900 
-100 100 0 0 19900 20100 
-100 100 0 0 19900 20100 
61.6162 -61.6162 38.3838 -38.3838 20100 19900 
0.30303 -0.30303 99.697 -99.697 20100 19900 
59.596 -59.596 40.404 -40.404 20100 19900 
-100 100 0 0 19900 20100 
-54.5455 54.5455 154.545 -154.545 20100 19900 
-100 100 200 -200 20100 19900 
100 -100 0 0 20100 19900 
-86.3636 86.3636 186.364 -186.364 20100 19900 
-59.596 59.596 159.596 -159.596 20100 19900 
100 -100 0 0 20100 19900 
-65.0505 65.0505 165.051 -165.051 20100 19900 
100 -100 0 0 20100 19900 
100 -100 0 0 20100 19900 
69.899 -69.899 30.101 -30.101 20100 19900 
95.5556 -95.5556 4.44444 -4.44444 20100 19900 
77.2727 -77.2727 22.7273 -22.7273 20100 19900 
44.0404 -44.0404 55.9596 -55.9596 20100 19900 
100 -100 0 0 20100 19900 
85.8586 -85.8586 14.1414 -14.1414 20100 19900 
-63.6364 63.6364 163.636 -163.636 20100 19900 
81.8182 -81.8182 18.1818 -18.1818 20100 19900 
47.4747 -47.4747 52.5253 -52.5253 20100 19900 
-92.3 100 192.3 -200 20100 19900 
100 -100 0 0 20100 19900 
-72.7273 72.7273 172.727 -172.727 20100 19900 
-51.0101 51.0101 151.01 -151.01 20100 19900 
-82.3 100 182.3 -200 20100 19900 
-100 100 0 0 19900 20100 
80.5051 -80.5051 19.4949 -19.4949 20100 19900 
-74.4444 74.4444 174.444 -174.444 20100 19900 
100 -100 0 0 20100 19900 
-100 100 0 0 19900 20100 
64.8485 -64.8485 35.1515 -35.1515 20100 19900 
-72.6263 72.6263 172.626 -172.626 20100 19900 
100 -100 0 0 20100 19900 
-100 100 0 0 19900 20100 
95.6566 -95.6566 4.34343 -4.34343 20100 19900 
25 -25 75 -75 20100 19900 
68.2828 -68.2828 31.7172 -31.7172 20100 19900 
53.0303 -53.0303 46.9697 -46.9697 20100 19900 
100 -100 0 0 20100 19900 
44.4444 -44.4444 55.5556 -55.5556 20100 19900 
100 -100 0 0 20100 19900 
50.7071 -50.7071 49.2929 -49.2929 20100 19900 
-40.9091 40.9091 140.909 -140.909 20100 19900 
34.7 -34.7 65.3 -65.3 20100 19900 
63.4343 -63.4343 36.5657 -36.5657 20100 19900 
-100 100 0 0 19900 20100 
100 -100 0 0 20100 19900 
12.5253 -12.5253 87.4747 -87.4747 20100 19900 
77.9798 -77.9798 22.0202 -22.0202 20100 19900 
-81.8182 81.8182 181.818 -181.818 20100 19900 
51.1111 -51.1111 48.8889 -48.8889 20100 19900 
-86.3636 86.3636 186.364 -186.364 20100 19900 
-100 100 0 0 19900 20100 
100 -100 0 0 20100 19900 
100 -100 0 0 20100 19900 
-37.6768 37.6768 137.677 -137.677 20100 19900 
100 -100 0 0 20100 19900 
-100 100 200 -200 20100 19900 
100 -100 0 0 20100 19900 
51.2121 -51.2121 48.7879 -48.7879 20100 19900 
-100 100 200 -200 20100 19900 
-100 100 0 0 19900 20100 
-58.3838 58.3838 158.384 -158.384 20100 19900 
38.5859 -38.5859 61.4141 -61.4141 20100 19900 
100 -100 0 0 20100 19900 
96.9697 -96.9697 3.0303 -3.0303 20100 19900 
100 -100 0 0 20100 19900 
100 -100 0 0 20100 19900 
-100 100 0 0 19900 20100 
-100 100 200 -200 20100 19900 
61.6162 -61.6162 38.3838 -38.3838 20100 19900 
80.9091 -80.9091 19.0909 -19.0909 20100 19900 
-72.7273 72.7273 172.727 -172.727 20100 19900 
100 -100 0 0 20100 19900 
-54.5455 54.5455 154.545 -154.545 20100 19900 
44.4444 -44.4444 55.5556 -55.5556 20100 19900 
60.202 -60.202 39.798 -39.798 20100 19900 
100 -100 0 0 20100 19900 
3.55271e-15 -3.55271e-15 0 0 20000 20000 
58.3838 -58.3838 41.6162 -41.6162 20100 19900 
100 -100 0 0 20100 19900 
49.798 -49.798 50.202 -50.202 20100 19900 
-100 100 0 0 19900 20100 
-52.0202 52.0202 152.02 -152.02 20100 19900 
100 -100 0 0 20100 19900 
-93.1818 93.1818 -6.81818 6.81818 19900 20100 
90.5051 -90.5051 9.49495 -9.49495 20100 19900 
-100 100 200 -200 20100 19900 
-53.0303 53.0303 153.03 -153.03 20100 19900 
100 -100 0 0 20100 19900 
-95.8 100 195.8 -200 20100 19900 
100 -100 0 0 20100 19900 
-100 100 200 -200 20100 19900 
96.9697 -96.9697 3.0303 -3.0303 20100 19900 
100 -100 0 0 20100 19900 
100 -100 0 0 20100 19900 
72.7273 -72.7273 27.2727 -27.2727 20100 19900 
59.0909 -59.0909 40.9091 -40.9091 20100 19900 
50.7071 -50.7071 49.2929 -49.2929 20100 19900 
100 -100 0 0 20100 19900 
100 -100 0 0 20100 19900 
-41.9192 41.9192 141.919 -141.919 20100 19900 
100 -100 0 0 20100 19900 
100 -100 0 0 20100 19900 
9.09091 -9.09091 90.9091 -90.9091 20100 19900 
-100 100 0 0 19900 20100 
-100 100 0 0 19900 20100 
68.2828 -68.2828 31.7172 -31.7172 20100 19900 
-100 100 0 0 19900 20100 
94.8485 -94.8485 5.15152 -5.15152 20100 19900 
-91.4141 91.4141 191.414 -191.414 20100 19900 
-100 100 200 -200 20100 19900 
59.697 -59.697 40.303 -40.303 20100 19900 
75.5556 -75.5556 24.4444 -24.4444 20100 19900 
69.899 -69.899 30.101 -30.101 20100 19900 
-40.2 40.2 -59.8 59.8 19900 20100 
100 -100 0 0 20100 19900 
-100 100 0 0 19900 20100 
87.8909 -84.0909 12.1091 -15.9091 20100 19900 
79.5455 -79.5455 20.4545 -20.4545 20100 19900 
94.5455 -94.5455 5.45455 -5.45455 20100 19900 
-31.8182 31.8182 131.818 -131.818 20100 19900 
100 -100 0 0 20100 19900 
-63.6364 63.6364 163.636 -163.636 20100 19900 
-98.2 100 -1.8 0 19900 20100 
71.0101 -71.0101 28.9899 -28.9899 20100 19900 
-100 100 0 0 19900 20100 
82.4242 -82.4242 17.5758 -17.5758 20100 19900 
-100 100 200 -200 20100 19900 
64.2424 -64.2424 35.7576 -35.7576 20100 19900 
-100 100 0 0 19900 20100 
100 -100 0 0 20100 19900 
-90.9091 90.9091 190.909 -190.909 20100 19900 
-100 100 0 0 19900 20100 
-100 100 200 -200 20100 19900 
100 -100 0 0 20100 19900 
-100 100 0 0 19900 20100 
100 -99.8 0 -0.2 20100 19900 
-100 100 200 -200 20100 19900 
100 -73.2 0 -26.8 20100 19900 
-91.5152 91.5152 191.515 -191.515 20100 19900 
7.10543e-15 -7.10543e-15 100 -100 20100 19900 
71.9192 -71.9192 28.0808 -28.0808 20100 19900 
-100 100 0 0 19900 20100 
53.9394 -53.9394 46.0606 -46.0606 20100 19900 
-28.8 28.8 -71.2 71.2 19900 20100 
73.7374 -73.7374 26.2626 -26.2626 20100 19900 
-42.7273 42.7273 142.727 -142.727 20100 19900 
100 -100 0 0 20100 19900 
-84.0909 84.0909 -15.9091 15.9091 19900 20100 
-100 100 0 0 19900 20100 
100 -100 0 0 20100 19900 
72.7273 -72.7273 27.2727 -27.2727 20100 19900 
100 -100 0 0 20100 19900 
-100 100 200 -200 20100 19900 
-1.3 1.3 -98.7 98.7 19900 20100 
90.9091 -90.9091 9.09091 -9.09091 20100 19900 
100 -100 0 0 20100 19900 
45.2525 -45.2525 54.7475 -54.7475 20100 19900 
-76.1616 76.1616 176.162 -176.162 20100 19900 
100 -100 0 0 20100 19900 
100 -100 0 0 20100 19900 
100 -100 0 0 20100 19900 
71.1111 -71.1111 28.8889 -28.8889 20100 19900 
-94.2424 94.2424 194.242 -194.242 20100 19900 
44.4444 -44.4444 55.5556 -55.5556 20100 19900 
100 -100 0 0 20100 19900 
0 0 100 -100 20100 19900 
-47.7273 47.7273 147.727 -147.727 20100 19900 
-100 100 200 -200 20100 19900 
100 -100 0 0 20100 19900 
-72.7273 72.7273 172.727 -172.727 20100 19900 
100 -100 0 0 20100 19900 
46.0606 -46.0606 53.9394 -53.9394 20100 19900 
0 0 100 -100 20100 19900 
41.3131 -41.3131 58.6869 -58.6869 20100 19900 
-100 100 0 0 19900 20100 
31.8182 -31.8182 68.1818 -68.1818 20100 19900 
-100 100 0 0 19900 20100 
90.5051 -90.5051 9.49495 -9.49495 20100 19900 
-100 100 0 0 19900 20100 
-100 100 0 0 19900 20100 
100 -100 0 0 20100 19900 
-100 100 0 0 19900 20100 
-5.25253 5.25253 105.253 -105.253 20100 19900 
-48.9899 48.9899 148.99 -148.99 20100 19900 
-40.202 40.202 140.202 -140.202 20100 19900 
-100 100 0 0 19900 20100 
59.0909 -59.0909 40.9091 -40.9091 20100 19900 
72.7273 -72.7273 27.2727 -27.2727 20100 19900 
48.8889 -48.8889 51.1111 -51.1111 20100 19900 
-100 100 0 0 19900 20100 
-100 100 0 0 19900 20100 
0 1.42109e-14 100 -100 20100 19900 
-99.5 100 -0.5 0 19900 20100 
72.7273 -72.7273 27.2727 -27.2727 20100 19900 
9.29293 -9.29293 90.7071 -90.7071 20100 19900 
67.8788 -67.8788 32.1212 -32.1212 20100 19900 
-54.5455 54.5455 154.545 -154.545 20100 19900 
-19.2 19.2 -80.8 80.8 19900 20100 
100 -100 0 0 20100 19900 
-82.1212 82.1212 182.121 -182.121 20100 19900 
-100 100 0 0 19900 20100 
-100 100 200 -200 20100 19900 
-100 100 0 0 19900 20100 
100 -100 0 0 20100 19900 
72.7273 -72.7273 27.2727 -27.2727 20100 19900 
-100 100 200 -200 20100 19900 
-50 57.9 -50 42.1 19900 20100 
-100 100 200 -200 20100 19900 
100 -100 0 0 20100 19900 
64.1414 -64.1414 35.8586 -35.8586 20100 19900 
68.1818 -68.1818 31.8182 -31.8182 20100 19900 
-63.2323 63.2323 163.232 -163.232 20100 19900 
-86.3636 86.3636 186.364 -186.364 20100 19900 
-100 100 200 -200 20100 19900 
100 -100 0 0 20100 19900 
-72.7273 72.7273 172.727 -172.727 20100 19900